Exp or Imp,Year,Custom,HS,Country,Unit1,Unit2,Quantity1-Year,Quantity2-Year,Value-Year,Quantity1-Jan,Quantity2-Jan,Value-Jan,Quantity1-Feb,Quantity2-Feb,Value-Feb,Quantity1-Mar,Quantity2-Mar,Value-Mar,Quantity1-Apl,Quantity2-Apl,Value-Apl,Quantity1-May,Quantity2-May,Value-May,Quantity1-Jun,Quantity2-Jun,Value-Jun,Quantity1-Jul,Quantity2-Jul,Value-Jul,Quantity1-Aug,Quantity2-Aug,Value-Aug,Quantity1-Sep,Quantity2-Sep,Value-Sep,Quantity1-Oct,Quantity2-Oct,Value-Oct,Quantity1-Nov,Quantity2-Nov,Value-Nov,Quantity1-Dec,Quantity2-Dec,Value-Dec
2,1995,104,'930100000',213,,KG,0,122,6654,0,122,6654,0,0,0,0,0,0,0,0,0,0,0,0,0,0,0,0,0,0,0,0,0,0,0,0,0,0,0,0,0,0,0,0,0
2,1995,104,'930200000',205,NO,KG,83,105,5214,0,0,0,0,0,0,0,0,0,0,0,0,0,0,0,0,0,0,0,0,0,0,0,0,83,105,5214,0,0,0,0,0,0,0,0,0
2,1995,104,'930200000',213,NO,KG,49,36,3205,49,36,3205,0,0,0,0,0,0,0,0,0,0,0,0,0,0,0,0,0,0,0,0,0,0,0,0,0,0,0,0,0,0,0,0,0
2,1995,104,'930200000',304,NO,KG,1699,774,48064,200,100,5791,0,0,0,0,0,0,0,0,0,0,0,0,0,0,0,0,0,0,0,0,0,0,0,0,0,0,0,0,0,0,1499,674,42273
2,1995,104,'930320000',205,NO,KG,1,4,3151,0,0,0,0,0,0,0,0,0,1,4,3151,0,0,0,0,0,0,0,0,0,0,0,0,0,0,0,0,0,0,0,0,0,0,0,0
2,1995,104,'930320000',208,NO,KG,2,5,1435,2,5,1435,0,0,0,0,0,0,0,0,0,0,0,0,0,0,0,0,0,0,0,0,0,0,0,0,0,0,0,0,0,0,0,0,0
2,1995,104,'930320000',218,NO,KG,9,34,3701,0,0,0,0,0,0,0,0,0,0,0,0,0,0,0,7,28,2551,0,0,0,0,0,0,0,0,0,2,6,1150,0,0,0,0,0,0
2,1995,104,'930320000',220,NO,KG,1378,4638,141047,14,62,4888,184,427,14641,15,66,3733,97,362,15267,77,288,8124,256,901,19172,132,409,12009,201,730,18797,5,22,2062,140,475,17545,61,246,9663,196,650,15146
2,1995,104,'930320000',222,NO,KG,1,5,386,1,5,386,0,0,0,0,0,0,0,0,0,0,0,0,0,0,0,0,0,0,0,0,0,0,0,0,0,0,0,0,0,0,0,0,0
2,1995,104,'930320000',224,NO,KG,80,356,2089,0,0,0,0,0,0,0,0,0,0,0,0,0,0,0,0,0,0,0,0,0,0,0,0,0,0,0,0,0,0,80,356,2089,0,0,0
2,1995,104,'930320000',304,NO,KG,827,3018,35993,5,22,1030,9,31,391,327,1144,13140,147,499,5128,26,83,674,47,199,2154,14,39,781,31,128,2239,55,208,2155,64,236,3375,63,273,3066,39,156,1860
2,1995,104,'930320000',606,NO,KG,8,37,2212,0,0,0,0,0,0,4,17,1293,0,0,0,4,20,919,0,0,0,0,0,0,0,0,0,0,0,0,0,0,0,0,0,0,0,0,0
2,1995,104,'930330000',208,NO,KG,47,166,3746,20,108,1735,17,20,1156,0,0,0,0,0,0,0,0,0,0,0,0,0,0,0,0,0,0,0,0,0,0,0,0,0,0,0,10,38,855
2,1995,104,'930330000',213,NO,KG,125,528,16331,0,0,0,4,16,390,4,5,584,0,0,0,3,15,737,2,8,299,36,145,3889,26,102,4118,2,11,691,33,142,3660,3,12,460,12,72,1503
2,1995,104,'930330000',217,NO,KG,42,142,2963,0,0,0,0,0,0,0,0,0,0,0,0,0,0,0,0,0,0,0,0,0,0,0,0,8,27,568,6,25,383,22,66,1611,6,24,401
2,1995,104,'930330000',220,NO,KG,15,56,6162,0,0,0,1,5,1329,0,0,0,0,0,0,0,0,0,0,0,0,4,16,363,1,9,3742,0,0,0,0,0,0,1,3,399,8,23,329
2,1995,104,'930330000',222,NO,KG,248,897,23366,0,0,0,11,55,890,4,15,310,10,20,667,7,21,649,40,153,3428,18,66,1815,10,39,1117,20,67,1965,62,225,5315,18,54,1845,48,182,5365
2,1995,104,'930330000',224,NO,KG,20,97,567,0,0,0,0,0,0,0,0,0,0,0,0,0,0,0,0,0,0,0,0,0,0,0,0,0,0,0,0,0,0,20,97,567,0,0,0
2,1995,104,'930330000',225,NO,KG,16,70,2128,0,0,0,0,0,0,7,21,960,3,20,429,0,0,0,0,0,0,6,29,739,0,0,0,0,0,0,0,0,0,0,0,0,0,0,0
2,1995,104,'930330000',245,NO,KG,5,15,258,0,0,0,0,0,0,0,0,0,0,0,0,0,0,0,0,0,0,0,0,0,0,0,0,0,0,0,0,0,0,5,15,258,0,0,0
2,1995,104,'930330000',304,NO,KG,832,3455,45862,25,132,2449,104,545,5052,6,29,247,33,212,1569,64,235,2399,44,249,2319,38,173,3064,144,511,6534,35,184,3750,112,388,7131,12,66,2313,215,731,9035
2,1995,104,'930390000',205,NO,KG,70,245,1872,0,0,0,0,0,0,0,0,0,0,0,0,20,65,252,0,0,0,30,108,915,0,0,0,0,0,0,0,0,0,0,0,0,20,72,705
2,1995,104,'930400000',213,,KG,0,1668,27568,0,98,1861,0,96,1755,0,179,2423,0,95,1651,0,134,2258,0,124,1866,0,354,5786,0,127,2400,0,94,1778,0,0,0,0,142,2905,0,225,2885
2,1995,104,'930400000',215,,KG,0,182,1287,0,0,0,0,20,215,0,0,0,0,0,0,0,0,0,0,0,0,0,0,0,0,137,834,0,0,0,0,25,238,0,0,0,0,0,0
2,1995,104,'930400000',304,,KG,0,364,2201,0,158,899,0,0,0,0,0,0,0,0,0,0,0,0,0,85,247,0,0,0,0,0,0,0,0,0,0,71,302,0,0,0,0,50,753
2,1995,104,'930510010',213,,KG,0,114,702,0,114,702,0,0,0,0,0,0,0,0,0,0,0,0,0,0,0,0,0,0,0,0,0,0,0,0,0,0,0,0,0,0,0,0,0
2,1995,104,'930510020',220,,KG,0,5,920,0,0,0,0,0,0,0,0,0,0,0,0,0,0,0,0,0,0,0,0,0,0,0,0,0,0,0,0,0,0,0,0,0,0,5,920
2,1995,104,'930510020',304,,KG,0,39,493,0,0,0,0,0,0,0,0,0,0,0,0,0,0,0,0,0,0,0,21,274,0,0,0,0,0,0,0,0,0,0,0,0,0,18,219
2,1995,104,'930521000',210,,KG,0,837,2048,0,0,0,0,0,0,0,233,461,0,0,0,0,0,0,0,0,0,0,0,0,0,251,452,0,40,560,0,0,0,0,0,0,0,313,575
2,1995,104,'930521000',220,,KG,0,413,7873,0,0,0,0,0,0,0,52,988,0,37,615,0,86,1470,0,51,1092,0,0,0,0,22,387,0,0,0,0,12,601,0,103,1889,0,50,831
2,1995,104,'930521000',304,,KG,0,115,1371,0,0,0,0,0,0,0,55,681,0,0,0,0,0,0,0,21,260,0,0,0,0,21,214,0,0,0,0,0,0,0,0,0,0,18,216
2,1995,104,'930529000',205,,KG,0,15,274,0,0,0,0,0,0,0,0,0,0,0,0,0,0,0,0,0,0,0,0,0,0,0,0,0,0,0,0,0,0,0,0,0,0,15,274
2,1995,104,'930529000',210,,KG,0,54,602,0,0,0,0,0,0,0,0,0,0,0,0,0,0,0,0,0,0,0,54,602,0,0,0,0,0,0,0,0,0,0,0,0,0,0,0
2,1995,104,'930529000',213,,KG,0,25,1901,0,0,0,0,3,232,0,0,0,0,0,0,0,0,0,0,0,0,0,17,1358,0,0,0,0,0,0,0,0,0,0,5,311,0,0,0
2,1995,104,'930529000',220,,KG,0,278,5078,0,0,0,0,0,0,0,3,333,0,123,1805,0,0,0,0,38,596,0,0,0,0,0,0,0,0,234,0,45,1367,0,4,201,0,65,542
2,1995,104,'930529000',222,,KG,0,22,453,0,0,0,0,0,0,0,0,0,0,0,0,0,0,0,0,22,453,0,0,0,0,0,0,0,0,0,0,0,0,0,0,0,0,0,0
2,1995,104,'930529000',304,,KG,0,249,3018,0,0,0,0,0,0,0,0,0,0,0,0,0,35,590,0,94,1138,0,2,342,0,50,438,0,11,231,0,57,279,0,0,0,0,0,0
2,1995,104,'930590010',213,,KG,0,233,1115,0,0,0,0,0,0,0,0,0,0,0,0,0,0,0,0,0,0,0,233,1115,0,0,0,0,0,0,0,0,0,0,0,0,0,0,0
2,1995,104,'930590010',220,,KG,0,211,16934,0,0,0,0,211,16934,0,0,0,0,0,0,0,0,0,0,0,0,0,0,0,0,0,0,0,0,0,0,0,0,0,0,0,0,0,0
2,1995,104,'930590029',205,,KG,0,219,1639,0,0,0,0,0,0,0,0,0,0,0,0,0,0,0,0,0,0,0,0,0,0,219,1639,0,0,0,0,0,0,0,0,0,0,0,0
2,1995,104,'930590029',213,,KG,0,169,1112,0,0,0,0,0,0,0,0,0,0,150,314,0,0,0,0,0,0,0,0,0,0,0,0,0,19,798,0,0,0,0,0,0,0,0,0
2,1995,104,'930590029',304,,KG,0,65804,8767939,0,0,0,0,63579,8635863,0,1616,119669,0,8,3516,0,268,364,0,0,0,0,228,2655,0,90,5654,0,0,0,0,0,0,0,0,0,0,15,218
2,1995,104,'930590029',601,,KG,0,39,210,0,0,0,0,0,0,0,0,0,0,0,0,0,0,0,0,39,210,0,0,0,0,0,0,0,0,0,0,0,0,0,0,0,0,0,0
2,1995,104,'930610000',205,,KG,0,650,3068,0,0,0,0,0,0,0,0,0,0,0,0,0,0,0,0,650,3068,0,0,0,0,0,0,0,0,0,0,0,0,0,0,0,0,0,0
2,1995,104,'930610000',213,,KG,0,11015,38050,0,1500,4816,0,4800,17392,0,4444,14856,0,0,0,0,81,237,0,0,0,0,0,0,0,0,0,0,0,0,0,190,749,0,0,0,0,0,0
2,1995,104,'930610000',304,,KG,0,17438,45653,0,1484,4485,0,1277,2889,0,768,2394,0,1924,4948,0,1348,2837,0,153,1336,0,1060,2560,0,2080,5122,0,1215,2895,0,1511,4091,0,200,924,0,4418,11172
2,1995,104,'930610000',601,,KG,0,986,7042,0,0,0,0,0,0,0,0,0,0,0,0,0,120,742,0,130,758,0,0,0,0,120,794,0,73,583,0,0,0,0,46,444,0,497,3721
2,1995,104,'930621000',304,,KG,0,372,606,0,188,378,0,0,0,0,0,0,0,0,0,0,0,0,0,0,0,0,0,0,0,0,0,0,184,228,0,0,0,0,0,0,0,0,0
2,1995,104,'930630010',203,,KG,0,98,2660,0,0,0,0,0,0,0,0,0,0,0,0,0,0,0,0,0,0,0,0,0,0,0,0,0,0,0,0,0,0,0,98,2660,0,0,0
2,1995,104,'930630010',220,,KG,0,219,913,0,0,0,0,0,0,0,0,0,0,0,0,0,0,0,0,0,0,0,0,0,0,0,0,0,0,0,0,0,0,0,0,0,0,219,913
2,1995,104,'930630010',222,,KG,0,406,3162,0,0,0,0,0,0,0,0,0,0,0,0,0,0,0,0,285,1655,0,102,306,0,0,0,0,0,0,0,19,1201,0,0,0,0,0,0
2,1995,104,'930630010',304,,KG,0,1587,4250,0,327,811,0,0,0,0,0,0,0,104,255,0,0,0,0,0,0,0,0,0,0,21,317,0,0,0,0,100,272,0,800,1896,0,235,699
2,1995,104,'930630020',205,,KG,0,42,1276,0,0,0,0,0,0,0,0,0,0,0,0,0,0,0,0,0,0,0,0,0,0,0,0,0,0,0,0,0,0,0,42,1276,0,0,0
2,1995,104,'930630020',213,,KG,0,378,907,0,0,0,0,378,907,0,0,0,0,0,0,0,0,0,0,0,0,0,0,0,0,0,0,0,0,0,0,0,0,0,0,0,0,0,0
2,1995,104,'930630020',302,,KG,0,7,379,0,0,0,0,0,0,0,0,0,0,0,0,0,0,0,0,0,0,0,7,379,0,0,0,0,0,0,0,0,0,0,0,0,0,0,0
2,1995,104,'930690000',203,,KG,0,188,3388,0,0,0,0,0,0,0,0,0,0,0,0,0,0,0,0,0,0,0,104,394,0,0,0,0,0,0,0,0,0,0,84,2994,0,0,0
2,1995,104,'930690000',205,,KG,0,2,2994,0,0,0,0,0,0,0,0,0,0,0,2353,0,0,0,0,0,0,0,0,0,0,2,641,0,0,0,0,0,0,0,0,0,0,0,0
2,1995,104,'930690000',210,,KG,0,19,9282,0,0,0,0,3,1458,0,2,1215,0,7,1346,0,0,0,0,1,604,0,0,0,0,2,1444,0,0,0,0,2,2028,0,0,337,0,2,850
2,1995,104,'930690000',213,,KG,0,169,28267,0,0,0,0,0,0,0,0,0,0,0,0,0,0,0,0,0,0,0,5,16080,0,0,0,0,41,11860,0,123,327,0,0,0,0,0,0
2,1995,104,'930690000',304,,KG,0,11203,326586,0,68,22058,0,7,2737,0,32,6189,0,64,11414,0,7,1634,0,25,6872,0,64,15375,0,254,24532,0,5,4670,0,12,6827,0,27,7660,0,10638,216618
2,1995,104,'940110000',205,NO,KG,13,785,14827,0,0,0,4,222,3682,0,0,0,1,42,1429,0,0,0,3,153,976,1,38,1444,2,240,1183,0,0,0,2,90,6113,0,0,0,0,0,0
2,1995,104,'940110000',210,NO,KG,9,929,4324,1,216,355,0,0,0,0,0,0,3,377,2770,0,0,0,0,0,0,0,0,0,2,96,354,3,240,845,0,0,0,0,0,0,0,0,0
2,1995,104,'940110000',213,NO,KG,64,2584,21984,0,0,0,11,464,2979,0,0,0,41,1640,12681,0,0,0,0,0,0,0,0,0,0,0,0,0,0,0,0,0,0,0,0,0,12,480,6324
2,1995,104,'940110000',304,NO,KG,16,847,9990,0,0,0,2,180,847,1,32,508,0,0,0,7,296,3701,1,142,206,0,0,0,2,80,375,0,0,0,1,32,1889,2,85,2464,0,0,0
2,1995,104,'940120000',205,NO,KG,44,983,1724,0,0,0,32,772,932,0,0,0,0,0,0,0,0,0,0,0,0,0,0,0,0,0,0,0,0,0,0,0,0,4,160,225,8,51,567
2,1995,104,'940120000',210,NO,KG,2,15,308,0,0,0,0,0,0,0,0,0,0,0,0,0,0,0,0,0,0,0,0,0,0,0,0,0,0,0,0,0,0,0,0,0,2,15,308
2,1995,104,'940120000',213,NO,KG,172,547,1594,41,120,254,0,0,0,31,61,251,20,90,312,0,0,0,0,0,0,0,0,0,0,0,0,2,42,233,0,0,0,0,0,0,78,234,544
2,1995,104,'940120000',227,NO,KG,13,50,298,13,50,298,0,0,0,0,0,0,0,0,0,0,0,0,0,0,0,0,0,0,0,0,0,0,0,0,0,0,0,0,0,0,0,0,0
2,1995,104,'940120000',304,NO,KG,50,318,820,0,0,0,0,0,0,30,22,225,16,170,303,0,0,0,0,0,0,0,0,0,0,0,0,0,0,0,0,0,0,4,126,292,0,0,0
2,1995,104,'940130010',213,NO,KG,3,77,437,0,0,0,0,0,0,0,0,0,3,77,437,0,0,0,0,0,0,0,0,0,0,0,0,0,0,0,0,0,0,0,0,0,0,0,0
2,1995,104,'940130010',304,NO,KG,2,30,212,0,0,0,0,0,0,0,0,0,0,0,0,0,0,0,0,0,0,0,0,0,0,0,0,0,0,0,2,30,212,0,0,0,0,0,0
2,1995,104,'940130030',204,NO,KG,90,450,1169,0,0,0,0,0,0,0,0,0,0,0,0,0,0,0,90,450,1169,0,0,0,0,0,0,0,0,0,0,0,0,0,0,0,0,0,0
2,1995,104,'940130030',213,NO,KG,90,1450,2616,0,0,0,0,0,0,9,150,221,0,0,0,0,0,0,0,0,0,0,0,0,81,1300,2395,0,0,0,0,0,0,0,0,0,0,0,0
2,1995,104,'940140010',113,NO,KG,12,513,449,0,0,0,0,0,0,0,0,0,0,0,0,0,0,0,0,0,0,12,513,449,0,0,0,0,0,0,0,0,0,0,0,0,0,0,0
2,1995,104,'940150010',117,NO,KG,26,399,1525,26,399,1525,0,0,0,0,0,0,0,0,0,0,0,0,0,0,0,0,0,0,0,0,0,0,0,0,0,0,0,0,0,0,0,0,0
2,1995,104,'940150010',118,NO,KG,124,484,1364,24,84,348,0,0,0,0,0,0,0,0,0,0,0,0,0,0,0,0,0,0,100,400,1016,0,0,0,0,0,0,0,0,0,0,0,0
2,1995,104,'940161010',113,NO,KG,8,260,209,0,0,0,0,0,0,0,0,0,0,0,0,0,0,0,0,0,0,0,0,0,0,0,0,0,0,0,0,0,0,0,0,0,8,260,209
2,1995,104,'940161010',210,NO,KG,5,100,403,0,0,0,0,0,0,0,0,0,0,0,0,0,0,0,0,0,0,0,0,0,0,0,0,5,100,403,0,0,0,0,0,0,0,0,0
2,1995,104,'940161010',220,NO,KG,19,683,2801,0,0,0,0,0,0,0,0,0,0,0,0,3,152,499,2,50,208,0,0,0,0,0,0,2,84,427,4,200,947,0,0,0,8,197,720
2,1995,104,'940161010',302,NO,KG,9,269,1871,0,0,0,0,0,0,3,80,1026,6,189,845,0,0,0,0,0,0,0,0,0,0,0,0,0,0,0,0,0,0,0,0,0,0,0,0
2,1995,104,'940161010',304,NO,KG,17,702,3524,0,0,0,0,0,0,12,600,3056,0,0,0,0,0,0,0,0,0,0,0,0,0,0,0,1,32,203,4,70,265,0,0,0,0,0,0
2,1995,104,'940161020',113,NO,KG,36,220,269,0,0,0,0,0,0,36,220,269,0,0,0,0,0,0,0,0,0,0,0,0,0,0,0,0,0,0,0,0,0,0,0,0,0,0,0
2,1995,104,'940161020',117,NO,KG,17,72,213,0,0,0,0,0,0,0,0,0,17,72,213,0,0,0,0,0,0,0,0,0,0,0,0,0,0,0,0,0,0,0,0,0,0,0,0
2,1995,104,'940161020',203,NO,KG,8,200,736,0,0,0,0,0,0,0,0,0,0,0,0,0,0,0,0,0,0,0,0,0,0,0,0,0,0,0,8,200,736,0,0,0,0,0,0
2,1995,104,'940161020',205,NO,KG,126,1340,6562,0,0,0,60,408,4076,0,0,0,0,0,0,0,0,0,30,500,1253,0,0,0,0,0,0,36,432,1233,0,0,0,0,0,0,0,0,0
2,1995,104,'940161020',207,NO,KG,53,171,466,0,0,0,0,0,0,53,171,466,0,0,0,0,0,0,0,0,0,0,0,0,0,0,0,0,0,0,0,0,0,0,0,0,0,0,0
2,1995,104,'940161020',210,NO,KG,134,2120,5647,0,0,0,110,2000,5278,0,0,0,0,0,0,24,120,369,0,0,0,0,0,0,0,0,0,0,0,0,0,0,0,0,0,0,0,0,0
2,1995,104,'940161020',218,NO,KG,6,100,549,0,0,0,0,0,0,0,0,0,0,0,0,0,0,0,0,0,0,0,0,0,0,0,0,6,100,549,0,0,0,0,0,0,0,0,0
2,1995,104,'940161020',220,NO,KG,255,1594,6248,0,0,0,66,330,1963,6,136,379,181,1078,3300,0,0,0,0,0,0,0,0,0,2,50,606,0,0,0,0,0,0,0,0,0,0,0,0
2,1995,104,'940161020',225,NO,KG,4,40,414,0,0,0,0,0,0,0,0,0,0,0,0,0,0,0,0,0,0,0,0,0,0,0,0,0,0,0,4,40,414,0,0,0,0,0,0
2,1995,104,'940161020',302,NO,KG,10,150,220,0,0,0,0,0,0,0,0,0,0,0,0,0,0,0,0,0,0,0,0,0,10,150,220,0,0,0,0,0,0,0,0,0,0,0,0
2,1995,104,'940161020',304,NO,KG,222,6093,18079,43,579,3389,0,0,0,5,60,596,18,500,1247,6,306,683,18,360,1542,0,0,0,0,0,0,0,0,0,3,130,319,0,0,0,129,4158,10303
2,1995,104,'940169010',111,NO,KG,7,314,694,0,0,0,0,0,0,0,0,0,0,0,0,2,92,202,0,0,0,0,0,0,0,0,0,5,222,492,0,0,0,0,0,0,0,0,0
2,1995,104,'940169010',112,NO,KG,6,176,342,0,0,0,0,0,0,0,0,0,0,0,0,0,0,0,0,0,0,0,0,0,0,0,0,6,176,342,0,0,0,0,0,0,0,0,0
2,1995,104,'940169010',304,NO,KG,48,982,3141,0,0,0,0,0,0,0,0,0,0,0,0,0,0,0,0,0,0,0,0,0,30,899,2408,18,83,733,0,0,0,0,0,0,0,0,0
2,1995,104,'940169090',111,NO,KG,58,705,796,0,0,0,0,0,0,0,0,0,0,0,0,44,500,495,0,0,0,0,0,0,14,205,301,0,0,0,0,0,0,0,0,0,0,0,0
2,1995,104,'940169090',112,NO,KG,7,208,731,0,0,0,7,208,731,0,0,0,0,0,0,0,0,0,0,0,0,0,0,0,0,0,0,0,0,0,0,0,0,0,0,0,0,0,0
2,1995,104,'940169090',118,NO,KG,100,700,479,0,0,0,0,0,0,0,0,0,0,0,0,0,0,0,0,0,0,0,0,0,0,0,0,0,0,0,0,0,0,0,0,0,100,700,479
2,1995,104,'940169090',206,NO,KG,1,400,1425,0,0,0,1,400,1425,0,0,0,0,0,0,0,0,0,0,0,0,0,0,0,0,0,0,0,0,0,0,0,0,0,0,0,0,0,0
2,1995,104,'940169090',210,NO,KG,2,80,384,0,0,0,0,0,0,0,0,0,0,0,0,0,0,0,0,0,0,0,0,0,0,0,0,0,0,0,0,0,0,2,80,384,0,0,0
2,1995,104,'940169090',220,NO,KG,160,1150,3933,0,0,0,0,0,0,62,300,607,23,207,620,0,0,0,0,0,0,17,120,513,4,38,263,0,0,0,38,344,1225,6,51,215,10,90,490
2,1995,104,'940169090',225,NO,KG,10,150,372,0,0,0,0,0,0,0,0,0,10,150,372,0,0,0,0,0,0,0,0,0,0,0,0,0,0,0,0,0,0,0,0,0,0,0,0
2,1995,104,'940169090',302,NO,KG,2,10,223,0,0,0,0,0,0,0,0,0,0,0,0,0,0,0,0,0,0,0,0,0,0,0,0,0,0,0,0,0,0,0,0,0,2,10,223
2,1995,104,'940169090',304,NO,KG,238,1390,2692,0,0,0,0,0,0,24,300,359,0,0,0,2,68,254,0,0,0,0,0,0,30,180,386,2,100,318,78,400,894,102,342,481,0,0,0
2,1995,104,'940169090',506,NO,KG,4,160,334,0,0,0,0,0,0,0,0,0,4,160,334,0,0,0,0,0,0,0,0,0,0,0,0,0,0,0,0,0,0,0,0,0,0,0,0
2,1995,104,'940169090',606,NO,KG,80,526,728,0,0,0,0,0,0,0,0,0,0,0,0,0,0,0,0,0,0,0,0,0,0,0,0,50,294,473,30,232,255,0,0,0,0,0,0
2,1995,104,'940171010',302,NO,KG,28,370,1349,0,0,0,0,0,0,0,0,0,0,0,0,0,0,0,0,0,0,0,0,0,0,0,0,0,0,0,0,0,0,28,370,1349,0,0,0
2,1995,104,'940171010',304,NO,KG,2,70,317,0,0,0,0,0,0,0,0,0,0,0,0,0,0,0,0,0,0,0,0,0,0,0,0,0,0,0,0,0,0,2,70,317,0,0,0
2,1995,104,'940171090',106,NO,KG,540,5240,4244,0,0,0,0,0,0,0,0,0,0,0,0,0,0,0,0,0,0,0,0,0,0,0,0,0,0,0,0,0,0,0,0,0,540,5240,4244
2,1995,104,'940171090',112,NO,KG,12,60,818,0,0,0,0,0,0,12,60,818,0,0,0,0,0,0,0,0,0,0,0,0,0,0,0,0,0,0,0,0,0,0,0,0,0,0,0
2,1995,104,'940171090',202,NO,KG,1,24,213,0,0,0,0,0,0,0,0,0,0,0,0,0,0,0,1,24,213,0,0,0,0,0,0,0,0,0,0,0,0,0,0,0,0,0,0
2,1995,104,'940171090',204,NO,KG,15,193,933,0,0,0,0,0,0,0,0,0,0,0,0,0,0,0,15,193,933,0,0,0,0,0,0,0,0,0,0,0,0,0,0,0,0,0,0
2,1995,104,'940171090',205,NO,KG,7,165,261,0,0,0,0,0,0,0,0,0,0,0,0,0,0,0,0,0,0,0,0,0,7,165,261,0,0,0,0,0,0,0,0,0,0,0,0
2,1995,104,'940171090',210,NO,KG,4,40,278,0,0,0,0,0,0,0,0,0,0,0,0,0,0,0,0,0,0,0,0,0,0,0,0,0,0,0,4,40,278,0,0,0,0,0,0
2,1995,104,'940171090',213,NO,KG,2,212,823,0,0,0,0,0,0,0,0,0,0,0,0,0,0,0,0,0,0,0,0,0,0,0,0,0,0,0,2,212,823,0,0,0,0,0,0
2,1995,104,'940171090',220,NO,KG,27,451,1562,0,0,0,0,0,0,0,0,0,0,0,0,0,0,0,0,0,0,12,220,412,10,69,350,0,0,0,5,162,800,0,0,0,0,0,0
2,1995,104,'940171090',302,NO,KG,50,500,1441,0,0,0,0,0,0,0,0,0,0,0,0,0,0,0,0,0,0,0,0,0,0,0,0,0,0,0,0,0,0,50,500,1441,0,0,0
2,1995,104,'940171090',304,NO,KG,419,8566,12473,0,0,0,0,0,0,0,0,0,1,20,207,0,0,0,0,0,0,0,0,0,78,546,1437,0,0,0,340,8000,10829,0,0,0,0,0,0
2,1995,104,'940179010',205,NO,KG,3,130,1089,0,0,0,0,0,0,0,0,0,0,0,0,3,130,1089,0,0,0,0,0,0,0,0,0,0,0,0,0,0,0,0,0,0,0,0,0
2,1995,104,'940179010',218,NO,KG,6,60,271,0,0,0,0,0,0,0,0,0,6,60,271,0,0,0,0,0,0,0,0,0,0,0,0,0,0,0,0,0,0,0,0,0,0,0,0
2,1995,104,'940179090',105,NO,KG,300,700,751,0,0,0,0,0,0,0,0,0,0,0,0,300,700,751,0,0,0,0,0,0,0,0,0,0,0,0,0,0,0,0,0,0,0,0,0
2,1995,104,'940179090',106,NO,KG,2300,1970,1676,0,0,0,0,0,0,0,0,0,0,0,0,2100,997,1052,100,593,237,0,0,0,0,0,0,0,0,0,0,0,0,0,0,0,100,380,387
2,1995,104,'940179090',113,NO,KG,105,1050,812,0,0,0,0,0,0,85,830,576,20,220,236,0,0,0,0,0,0,0,0,0,0,0,0,0,0,0,0,0,0,0,0,0,0,0,0
2,1995,104,'940179090',205,NO,KG,4,20,223,0,0,0,0,0,0,0,0,0,4,20,223,0,0,0,0,0,0,0,0,0,0,0,0,0,0,0,0,0,0,0,0,0,0,0,0
2,1995,104,'940179090',213,NO,KG,252,3654,9875,0,0,0,1,100,273,22,950,2871,66,800,829,0,0,0,0,0,0,0,0,0,25,794,1658,0,0,0,0,0,0,0,0,0,138,1010,4244
2,1995,104,'940179090',218,NO,KG,564,2800,6077,0,0,0,0,0,0,0,0,0,564,2800,6077,0,0,0,0,0,0,0,0,0,0,0,0,0,0,0,0,0,0,0,0,0,0,0,0
2,1995,104,'940179090',220,NO,KG,200,1200,2267,0,0,0,0,0,0,0,0,0,0,0,0,0,0,0,0,0,0,0,0,0,0,0,0,0,0,0,0,0,0,0,0,0,200,1200,2267
2,1995,104,'940179090',304,NO,KG,3329,9321,7841,0,0,0,0,0,0,3324,9221,7224,0,0,0,0,0,0,4,60,408,0,0,0,0,0,0,0,0,0,0,0,0,1,40,209,0,0,0
2,1995,104,'940180091',225,NO,KG,1,110,363,0,0,0,0,0,0,0,0,0,0,0,0,0,0,0,0,0,0,0,0,0,0,0,0,0,0,0,0,0,0,0,0,0,1,110,363
2,1995,104,'940180091',304,NO,KG,1,25,205,0,0,0,0,0,0,0,0,0,0,0,0,0,0,0,0,0,0,0,0,0,0,0,0,0,0,0,1,25,205,0,0,0,0,0,0
2,1995,104,'940180099',106,NO,KG,712,680,748,0,0,0,0,0,0,0,0,0,712,680,748,0,0,0,0,0,0,0,0,0,0,0,0,0,0,0,0,0,0,0,0,0,0,0,0
2,1995,104,'940180099',220,NO,KG,1,121,500,0,0,0,0,0,0,0,0,0,0,0,0,0,0,0,0,0,0,0,0,0,0,0,0,0,0,0,0,0,0,0,0,0,1,121,500
2,1995,104,'940180099',304,NO,KG,350,6941,10630,0,0,0,0,0,0,81,4401,4655,0,0,0,32,160,291,67,920,3368,0,0,0,0,0,0,110,700,894,5,360,374,0,0,0,55,400,1048
2,1995,104,'940190020',225,,KG,0,3109,29259,0,0,0,0,0,0,0,0,0,0,0,0,0,0,0,0,0,0,0,2494,22694,0,0,0,0,0,0,0,0,0,0,0,0,0,615,6565
2,1995,104,'940190020',304,,KG,0,384,4488,0,144,1855,0,0,0,0,0,0,0,0,0,0,60,1428,0,0,0,0,180,1205,0,0,0,0,0,0,0,0,0,0,0,0,0,0,0
2,1995,104,'940190090',105,,KG,0,827,606,0,0,0,0,0,0,0,0,0,0,827,606,0,0,0,0,0,0,0,0,0,0,0,0,0,0,0,0,0,0,0,0,0,0,0,0
2,1995,104,'940190090',106,,KG,0,216,380,0,0,0,0,0,0,0,0,0,0,0,0,0,0,0,0,0,0,0,216,380,0,0,0,0,0,0,0,0,0,0,0,0,0,0,0
2,1995,104,'940190090',108,,KG,0,1000,302,0,0,0,0,0,0,0,0,0,0,0,0,0,0,0,0,0,0,0,0,0,0,1000,302,0,0,0,0,0,0,0,0,0,0,0,0
2,1995,104,'940190090',111,,KG,0,95,208,0,0,0,0,0,0,0,0,0,0,0,0,0,0,0,0,0,0,0,0,0,0,0,0,0,0,0,0,0,0,0,0,0,0,95,208
2,1995,104,'940190090',203,,KG,0,204,444,0,0,0,0,0,0,0,0,0,0,0,0,0,0,0,0,0,0,0,0,0,0,0,0,0,204,444,0,0,0,0,0,0,0,0,0
2,1995,104,'940190090',205,,KG,0,68,3266,0,35,226,0,0,0,0,0,0,0,0,0,0,0,0,0,2,236,0,0,0,0,0,0,0,4,760,0,20,1102,0,7,942,0,0,0
2,1995,104,'940190090',210,,KG,0,602,49278,0,36,4298,0,85,6694,0,63,4966,0,86,7628,0,28,2345,0,30,3180,0,9,711,0,63,2859,0,25,1865,0,44,2583,0,67,3601,0,66,8548
2,1995,104,'940190090',213,,KG,0,5479,123035,0,194,8900,0,244,11338,0,260,7097,0,338,8062,0,603,11105,0,720,8217,0,826,16125,0,385,10079,0,849,12627,0,759,14088,0,86,4594,0,215,10803
2,1995,104,'940190090',220,,KG,0,650,474,0,0,0,0,0,0,0,0,0,0,0,0,0,0,0,0,0,0,0,0,0,0,0,0,0,0,0,0,0,0,0,0,0,0,650,474
2,1995,104,'940190090',225,,KG,0,55,359,0,0,0,0,55,359,0,0,0,0,0,0,0,0,0,0,0,0,0,0,0,0,0,0,0,0,0,0,0,0,0,0,0,0,0,0
2,1995,104,'940190090',304,,KG,0,4728,80791,0,109,4862,0,45,3291,0,299,6967,0,1022,4540,0,77,10564,0,299,9541,0,1308,8480,0,132,4015,0,115,7301,0,286,7202,0,875,10585,0,161,3443
2,1995,104,'940210000',304,,KG,0,9,517,0,0,0,0,0,0,0,0,0,0,9,517,0,0,0,0,0,0,0,0,0,0,0,0,0,0,0,0,0,0,0,0,0,0,0,0
2,1995,104,'940290000',222,,KG,0,75,241,0,0,0,0,0,0,0,0,0,0,0,0,0,0,0,0,0,0,0,0,0,0,0,0,0,0,0,0,75,241,0,0,0,0,0,0
2,1995,104,'940290000',304,,KG,0,7143,29228,0,0,0,0,40,4812,0,1500,4989,0,0,0,0,424,1460,0,4600,14766,0,0,0,0,0,0,0,0,0,0,0,0,0,170,1170,0,409,2031
2,1995,104,'940310000',106,NO,KG,188,3572,799,0,0,0,0,0,0,0,0,0,0,0,0,0,0,0,0,0,0,0,0,0,0,0,0,0,0,0,0,0,0,188,3572,799,0,0,0
2,1995,104,'940310000',112,NO,KG,8,400,759,0,0,0,0,0,0,0,0,0,0,0,0,0,0,0,0,0,0,8,400,759,0,0,0,0,0,0,0,0,0,0,0,0,0,0,0
2,1995,104,'940310000',203,NO,KG,17,4607,4609,0,0,0,0,0,0,0,0,0,0,0,0,0,0,0,0,0,0,0,0,0,0,0,0,6,4017,3418,11,590,1191,0,0,0,0,0,0
2,1995,104,'940310000',205,NO,KG,36,1495,5965,0,0,0,0,0,0,0,0,0,0,0,0,11,350,706,13,35,909,0,0,0,6,300,606,0,0,0,6,810,3744,0,0,0,0,0,0
2,1995,104,'940310000',210,NO,KG,13,1124,1208,0,0,0,0,0,0,0,0,0,12,1064,930,0,0,0,0,0,0,0,0,0,0,0,0,0,0,0,1,60,278,0,0,0,0,0,0
2,1995,104,'940310000',213,NO,KG,24,1497,3042,0,0,0,0,0,0,17,1079,1864,0,0,0,0,0,0,0,0,0,0,0,0,0,0,0,4,200,267,0,0,0,3,218,911,0,0,0
2,1995,104,'940310000',225,NO,KG,1,28,396,0,0,0,0,0,0,0,0,0,1,28,396,0,0,0,0,0,0,0,0,0,0,0,0,0,0,0,0,0,0,0,0,0,0,0,0
2,1995,104,'940310000',304,NO,KG,2816,14602,24840,11,220,296,20,580,681,0,0,0,0,0,0,788,1716,2539,227,1149,2238,200,1550,1173,500,2100,2250,118,3009,10276,552,2478,3455,0,0,0,400,1800,1932
2,1995,104,'940320000',103,NO,KG,77,1068,1308,0,0,0,0,0,0,7,654,1102,0,0,0,0,0,0,70,414,206,0,0,0,0,0,0,0,0,0,0,0,0,0,0,0,0,0,0
2,1995,104,'940320000',105,NO,KG,30,685,326,0,0,0,0,0,0,0,0,0,0,0,0,0,0,0,30,685,326,0,0,0,0,0,0,0,0,0,0,0,0,0,0,0,0,0,0
2,1995,104,'940320000',106,NO,KG,500,1912,923,0,0,0,0,0,0,0,0,0,400,1440,576,0,0,0,100,472,347,0,0,0,0,0,0,0,0,0,0,0,0,0,0,0,0,0,0
2,1995,104,'940320000',111,NO,KG,25,130,356,0,0,0,0,0,0,0,0,0,0,0,0,0,0,0,0,0,0,0,0,0,0,0,0,0,0,0,0,0,0,25,130,356,0,0,0
2,1995,104,'940320000',112,NO,KG,85,4978,10678,0,0,0,0,0,0,0,0,0,0,0,0,0,0,0,0,0,0,0,0,0,21,1248,1753,26,1383,3253,26,1675,3939,12,672,1733,0,0,0
2,1995,104,'940320000',117,NO,KG,1,100,205,0,0,0,0,0,0,1,100,205,0,0,0,0,0,0,0,0,0,0,0,0,0,0,0,0,0,0,0,0,0,0,0,0,0,0,0
2,1995,104,'940320000',203,NO,KG,375,1500,1575,0,0,0,0,0,0,0,0,0,0,0,0,0,0,0,375,1500,1575,0,0,0,0,0,0,0,0,0,0,0,0,0,0,0,0,0,0
2,1995,104,'940320000',204,NO,KG,5,165,342,0,0,0,0,0,0,0,0,0,0,0,0,0,0,0,5,165,342,0,0,0,0,0,0,0,0,0,0,0,0,0,0,0,0,0,0
2,1995,104,'940320000',205,NO,KG,52,370,2961,0,0,0,0,0,0,50,300,1248,0,0,0,0,0,0,0,0,0,0,0,0,0,0,0,0,0,0,2,70,1713,0,0,0,0,0,0
2,1995,104,'940320000',210,NO,KG,34,455,1435,0,0,0,0,0,0,25,235,659,0,0,0,0,0,0,0,0,0,0,0,0,0,0,0,9,220,776,0,0,0,0,0,0,0,0,0
2,1995,104,'940320000',213,NO,KG,42,1125,15185,0,0,0,0,0,0,0,0,0,0,0,0,27,540,14620,0,0,0,15,585,565,0,0,0,0,0,0,0,0,0,0,0,0,0,0,0
2,1995,104,'940320000',215,NO,KG,1,40,797,0,0,0,0,0,0,0,0,0,0,0,0,0,0,0,0,0,0,1,40,797,0,0,0,0,0,0,0,0,0,0,0,0,0,0,0
2,1995,104,'940320000',220,NO,KG,3,4055,6460,0,0,0,0,0,0,0,0,0,0,0,0,0,0,0,0,0,0,1,20,281,1,25,269,1,4010,5910,0,0,0,0,0,0,0,0,0
2,1995,104,'940320000',225,NO,KG,18,660,1377,0,0,0,0,0,0,0,0,0,0,0,0,6,300,490,0,0,0,0,0,0,0,0,0,12,360,887,0,0,0,0,0,0,0,0,0
2,1995,104,'940320000',302,NO,KG,11,300,605,0,0,0,0,0,0,0,0,0,0,0,0,0,0,0,0,0,0,0,0,0,1,130,222,0,0,0,0,0,0,0,0,0,10,170,383
2,1995,104,'940320000',304,NO,KG,265,6705,15046,0,0,0,2,144,805,3,109,1749,2,59,1226,0,0,0,1,40,214,8,55,231,87,533,905,113,4083,5035,3,150,1756,29,1490,2290,17,42,835
2,1995,104,'940320000',601,NO,KG,10,1500,1193,0,0,0,0,0,0,0,0,0,0,0,0,0,0,0,0,0,0,0,0,0,0,0,0,0,0,0,0,0,0,0,0,0,10,1500,1193
2,1995,104,'940330000',111,NO,KG,50,1800,805,0,0,0,0,0,0,0,0,0,50,1800,805,0,0,0,0,0,0,0,0,0,0,0,0,0,0,0,0,0,0,0,0,0,0,0,0
2,1995,104,'940330000',112,NO,KG,8,150,500,0,0,0,0,0,0,8,150,500,0,0,0,0,0,0,0,0,0,0,0,0,0,0,0,0,0,0,0,0,0,0,0,0,0,0,0
2,1995,104,'940330000',203,NO,KG,1,172,351,0,0,0,0,0,0,0,0,0,0,0,0,0,0,0,0,0,0,0,0,0,0,0,0,1,172,351,0,0,0,0,0,0,0,0,0
2,1995,104,'940330000',204,NO,KG,15,1700,2241,0,0,0,0,0,0,0,0,0,0,0,0,0,0,0,15,1700,2241,0,0,0,0,0,0,0,0,0,0,0,0,0,0,0,0,0,0
2,1995,104,'940330000',205,NO,KG,7,692,1196,0,0,0,0,0,0,0,0,0,0,0,0,0,0,0,0,0,0,0,0,0,0,0,0,7,692,1196,0,0,0,0,0,0,0,0,0
2,1995,104,'940330000',206,NO,KG,1,120,344,0,0,0,0,0,0,1,120,344,0,0,0,0,0,0,0,0,0,0,0,0,0,0,0,0,0,0,0,0,0,0,0,0,0,0,0
2,1995,104,'940330000',213,NO,KG,10,1230,696,0,0,0,0,0,0,0,0,0,0,0,0,0,0,0,0,0,0,0,0,0,5,615,346,0,0,0,5,615,350,0,0,0,0,0,0
2,1995,104,'940330000',220,NO,KG,12,1210,3570,0,0,0,0,0,0,0,0,0,0,0,0,0,0,0,0,0,0,0,0,0,0,0,0,12,1210,3570,0,0,0,0,0,0,0,0,0
2,1995,104,'940330000',222,NO,KG,52,970,469,0,0,0,0,0,0,0,0,0,52,970,469,0,0,0,0,0,0,0,0,0,0,0,0,0,0,0,0,0,0,0,0,0,0,0,0
2,1995,104,'940330000',304,NO,KG,81,4695,18252,1,85,275,0,0,0,24,490,473,0,0,0,30,113,529,0,0,0,8,390,229,1,150,270,16,967,2825,1,2500,13651,0,0,0,0,0,0
2,1995,104,'940330000',601,NO,KG,3,707,912,2,410,486,0,0,0,0,0,0,0,0,0,1,297,426,0,0,0,0,0,0,0,0,0,0,0,0,0,0,0,0,0,0,0,0,0
2,1995,104,'940340000',103,NO,KG,5,1020,663,0,0,0,0,0,0,0,0,0,0,0,0,0,0,0,0,0,0,0,0,0,0,0,0,2,820,459,0,0,0,0,0,0,3,200,204
2,1995,104,'940340000',106,NO,KG,268,1340,620,0,0,0,0,0,0,0,0,0,0,0,0,0,0,0,0,0,0,0,0,0,0,0,0,0,0,0,0,0,0,0,0,0,268,1340,620
2,1995,104,'940340000',111,NO,KG,16,254,421,0,0,0,0,0,0,16,254,421,0,0,0,0,0,0,0,0,0,0,0,0,0,0,0,0,0,0,0,0,0,0,0,0,0,0,0
2,1995,104,'940340000',113,NO,KG,107,1203,728,0,0,0,0,0,0,107,1203,728,0,0,0,0,0,0,0,0,0,0,0,0,0,0,0,0,0,0,0,0,0,0,0,0,0,0,0
2,1995,104,'940340000',204,NO,KG,16,1612,880,0,0,0,0,0,0,5,363,241,6,320,221,0,0,0,0,0,0,0,0,0,0,0,0,5,929,418,0,0,0,0,0,0,0,0,0
2,1995,104,'940340000',205,NO,KG,7,250,1030,0,0,0,0,0,0,0,0,0,0,0,0,0,0,0,0,0,0,0,0,0,0,0,0,0,0,0,0,0,0,7,250,1030,0,0,0
2,1995,104,'940340000',208,NO,KG,2,155,203,0,0,0,0,0,0,0,0,0,2,155,203,0,0,0,0,0,0,0,0,0,0,0,0,0,0,0,0,0,0,0,0,0,0,0,0
2,1995,104,'940340000',210,NO,KG,2,110,438,0,0,0,0,0,0,0,0,0,0,0,0,0,0,0,0,0,0,0,0,0,0,0,0,0,0,0,0,0,0,2,110,438,0,0,0
2,1995,104,'940340000',213,NO,KG,4,122,357,0,0,0,0,0,0,0,0,0,0,0,0,0,0,0,0,0,0,0,0,0,0,0,0,4,122,357,0,0,0,0,0,0,0,0,0
2,1995,104,'940340000',220,NO,KG,8,368,1702,2,30,214,0,0,0,0,0,0,0,0,0,0,0,0,0,0,0,0,0,0,3,50,269,0,0,0,0,0,0,3,288,1219,0,0,0
2,1995,104,'940340000',225,NO,KG,4,230,719,0,0,0,0,0,0,0,0,0,0,0,0,0,0,0,0,0,0,0,0,0,0,0,0,0,0,0,0,0,0,0,0,0,4,230,719
2,1995,104,'940340000',231,NO,KG,6,55,291,0,0,0,0,0,0,0,0,0,6,55,291,0,0,0,0,0,0,0,0,0,0,0,0,0,0,0,0,0,0,0,0,0,0,0,0
2,1995,104,'940340000',302,NO,KG,15,4991,4686,0,0,0,0,0,0,0,0,0,0,0,0,0,0,0,0,0,0,0,0,0,0,0,0,7,3586,2659,0,0,0,7,1115,1567,1,290,460
2,1995,104,'940340000',304,NO,KG,143,6819,9568,0,0,0,52,946,2068,57,1460,1802,0,0,0,0,0,0,0,0,0,0,0,0,3,1125,1351,14,573,640,0,0,0,3,1096,1424,14,1619,2283
2,1995,104,'940340000',606,NO,KG,1,500,714,0,0,0,0,0,0,0,0,0,0,0,0,0,0,0,0,0,0,0,0,0,0,0,0,0,0,0,0,0,0,1,500,714,0,0,0
2,1995,104,'940350000',105,NO,KG,10,470,362,0,0,0,0,0,0,0,0,0,0,0,0,0,0,0,0,0,0,0,0,0,0,0,0,0,0,0,0,0,0,10,470,362,0,0,0
2,1995,104,'940350000',113,NO,KG,26,550,331,0,0,0,26,550,331,0,0,0,0,0,0,0,0,0,0,0,0,0,0,0,0,0,0,0,0,0,0,0,0,0,0,0,0,0,0
2,1995,104,'940350000',210,NO,KG,1,40,402,0,0,0,0,0,0,0,0,0,0,0,0,0,0,0,0,0,0,0,0,0,0,0,0,0,0,0,1,40,402,0,0,0,0,0,0
2,1995,104,'940350000',213,NO,KG,3,200,671,0,0,0,0,0,0,0,0,0,0,0,0,0,0,0,0,0,0,0,0,0,0,0,0,0,0,0,0,0,0,3,200,671,0,0,0
2,1995,104,'940350000',218,NO,KG,1,90,228,0,0,0,0,0,0,0,0,0,0,0,0,0,0,0,0,0,0,0,0,0,0,0,0,0,0,0,0,0,0,0,0,0,1,90,228
2,1995,104,'940350000',225,NO,KG,3,180,615,0,0,0,0,0,0,0,0,0,0,0,0,0,0,0,0,0,0,0,0,0,0,0,0,0,0,0,0,0,0,0,0,0,3,180,615
2,1995,104,'940350000',304,NO,KG,1,266,764,0,0,0,0,0,0,0,0,0,0,0,0,0,0,0,0,0,0,1,266,764,0,0,0,0,0,0,0,0,0,0,0,0,0,0,0
2,1995,104,'940350000',402,NO,KG,1,85,307,0,0,0,0,0,0,0,0,0,1,85,307,0,0,0,0,0,0,0,0,0,0,0,0,0,0,0,0,0,0,0,0,0,0,0,0
2,1995,104,'940360010',106,NO,KG,26,4100,5554,0,0,0,0,0,0,0,0,0,0,0,0,0,0,0,0,0,0,0,0,0,26,4100,5554,0,0,0,0,0,0,0,0,0,0,0,0
2,1995,104,'940360010',205,NO,KG,1,2100,3589,0,0,0,0,0,0,0,0,0,0,0,0,0,0,0,0,0,0,0,0,0,0,0,0,0,0,0,0,0,0,1,2100,3589,0,0,0
2,1995,104,'940360010',210,NO,KG,6,120,480,0,0,0,0,0,0,0,0,0,0,0,0,0,0,0,6,120,480,0,0,0,0,0,0,0,0,0,0,0,0,0,0,0,0,0,0
2,1995,104,'940360010',220,NO,KG,1,64,300,0,0,0,0,0,0,0,0,0,0,0,0,0,0,0,0,0,0,0,0,0,0,0,0,0,0,0,1,64,300,0,0,0,0,0,0
2,1995,104,'940360010',302,NO,KG,31,6050,8243,0,0,0,31,6050,8243,0,0,0,0,0,0,0,0,0,0,0,0,0,0,0,0,0,0,0,0,0,0,0,0,0,0,0,0,0,0
2,1995,104,'940360020',103,NO,KG,54,1229,1239,0,0,0,0,0,0,0,0,0,0,0,0,0,0,0,50,955,256,0,0,0,0,0,0,0,0,0,1,52,205,2,100,450,1,122,328
2,1995,104,'940360020',105,NO,KG,100,350,362,0,0,0,0,0,0,0,0,0,100,350,362,0,0,0,0,0,0,0,0,0,0,0,0,0,0,0,0,0,0,0,0,0,0,0,0
2,1995,104,'940360020',106,NO,KG,1,150,336,0,0,0,0,0,0,0,0,0,0,0,0,0,0,0,0,0,0,1,150,336,0,0,0,0,0,0,0,0,0,0,0,0,0,0,0
2,1995,104,'940360020',111,NO,KG,9,300,334,0,0,0,0,0,0,0,0,0,0,0,0,9,300,334,0,0,0,0,0,0,0,0,0,0,0,0,0,0,0,0,0,0,0,0,0
2,1995,104,'940360020',112,NO,KG,35,2193,3846,0,0,0,0,0,0,0,0,0,0,0,0,0,0,0,0,0,0,0,0,0,0,0,0,15,1124,1664,15,819,1747,5,250,435,0,0,0
2,1995,104,'940360020',113,NO,KG,1500,2244,1362,0,0,0,0,0,0,0,0,0,0,0,0,0,0,0,0,0,0,0,0,0,0,0,0,0,0,0,1500,2244,1362,0,0,0,0,0,0
2,1995,104,'940360020',117,NO,KG,1,150,471,0,0,0,0,0,0,0,0,0,0,0,0,0,0,0,0,0,0,0,0,0,0,0,0,0,0,0,0,0,0,1,150,471,0,0,0
2,1995,104,'940360020',118,NO,KG,50,474,244,0,0,0,0,0,0,50,474,244,0,0,0,0,0,0,0,0,0,0,0,0,0,0,0,0,0,0,0,0,0,0,0,0,0,0,0
2,1995,104,'940360020',203,NO,KG,231,8105,4973,0,0,0,0,0,0,0,0,0,0,0,0,0,0,0,231,8105,4973,0,0,0,0,0,0,0,0,0,0,0,0,0,0,0,0,0,0
2,1995,104,'940360020',204,NO,KG,450,250,385,0,0,0,0,0,0,0,0,0,0,0,0,450,250,385,0,0,0,0,0,0,0,0,0,0,0,0,0,0,0,0,0,0,0,0,0
2,1995,104,'940360020',205,NO,KG,53,3187,11501,26,2680,10375,0,0,0,1,35,368,0,0,0,0,0,0,26,472,758,0,0,0,0,0,0,0,0,0,0,0,0,0,0,0,0,0,0
2,1995,104,'940360020',207,NO,KG,25,551,1529,0,0,0,0,0,0,0,0,0,0,0,0,0,0,0,0,0,0,0,0,0,0,0,0,0,0,0,0,0,0,25,551,1529,0,0,0
2,1995,104,'940360020',208,NO,KG,12,216,322,0,0,0,0,0,0,0,0,0,0,0,0,0,0,0,0,0,0,0,0,0,0,0,0,0,0,0,12,216,322,0,0,0,0,0,0
2,1995,104,'940360020',210,NO,KG,27,1680,5530,0,0,0,0,0,0,5,380,1251,15,1050,3237,0,0,0,6,180,720,0,0,0,0,0,0,1,70,322,0,0,0,0,0,0,0,0,0
2,1995,104,'940360020',213,NO,KG,670,1200,1406,0,0,0,0,0,0,0,0,0,0,0,0,0,0,0,0,0,0,0,0,0,670,1200,1406,0,0,0,0,0,0,0,0,0,0,0,0
2,1995,104,'940360020',218,NO,KG,13,530,1413,0,0,0,0,0,0,0,0,0,0,0,0,0,0,0,0,0,0,0,0,0,0,0,0,13,530,1413,0,0,0,0,0,0,0,0,0
2,1995,104,'940360020',220,NO,KG,51,1905,4257,0,0,0,0,0,0,0,0,0,11,130,708,0,0,0,4,93,388,0,0,0,36,1682,3161,0,0,0,0,0,0,0,0,0,0,0,0
2,1995,104,'940360020',225,NO,KG,4,120,680,0,0,0,0,0,0,0,0,0,0,0,0,0,0,0,0,0,0,0,0,0,0,0,0,0,0,0,1,30,456,0,0,0,3,90,224
2,1995,104,'940360020',302,NO,KG,1,50,244,0,0,0,0,0,0,0,0,0,0,0,0,0,0,0,0,0,0,0,0,0,0,0,0,0,0,0,0,0,0,0,0,0,1,50,244
2,1995,104,'940360020',304,NO,KG,356,9892,16045,23,210,504,0,0,0,2,331,1177,23,397,1011,13,90,318,98,1025,1442,1,77,286,0,0,0,166,4100,2719,2,334,701,21,2466,6052,7,862,1835
2,1995,104,'940360020',413,NO,KG,11,30,250,0,0,0,0,0,0,0,0,0,0,0,0,11,30,250,0,0,0,0,0,0,0,0,0,0,0,0,0,0,0,0,0,0,0,0,0
2,1995,104,'940360020',506,NO,KG,13,640,1146,0,0,0,0,0,0,0,0,0,8,240,736,0,0,0,0,0,0,0,0,0,0,0,0,0,0,0,0,0,0,5,400,410,0,0,0
2,1995,104,'940370000',108,NO,KG,150,400,266,0,0,0,0,0,0,0,0,0,0,0,0,0,0,0,150,400,266,0,0,0,0,0,0,0,0,0,0,0,0,0,0,0,0,0,0
2,1995,104,'940370000',111,NO,KG,300,2085,768,0,0,0,0,0,0,0,0,0,0,0,0,0,0,0,0,0,0,0,0,0,0,0,0,0,0,0,0,0,0,300,2085,768,0,0,0
2,1995,104,'940370000',210,NO,KG,1,50,1344,0,0,0,0,0,0,0,0,0,0,0,0,0,0,0,0,0,0,0,0,0,0,0,0,1,50,1344,0,0,0,0,0,0,0,0,0
2,1995,104,'940370000',220,NO,KG,2,20,301,0,0,0,0,0,0,0,0,0,0,0,0,2,20,301,0,0,0,0,0,0,0,0,0,0,0,0,0,0,0,0,0,0,0,0,0
2,1995,104,'940370000',302,NO,KG,1,100,302,0,0,0,0,0,0,0,0,0,0,0,0,0,0,0,0,0,0,0,0,0,0,0,0,0,0,0,1,100,302,0,0,0,0,0,0
2,1995,104,'940370000',304,NO,KG,1,110,205,0,0,0,0,0,0,0,0,0,0,0,0,0,0,0,0,0,0,0,0,0,1,110,205,0,0,0,0,0,0,0,0,0,0,0,0
2,1995,104,'940380100',118,NO,KG,30,180,366,0,0,0,0,0,0,0,0,0,0,0,0,0,0,0,0,0,0,0,0,0,0,0,0,0,0,0,0,0,0,0,0,0,30,180,366
2,1995,104,'940380210',123,NO,KG,1,36,520,0,0,0,0,0,0,0,0,0,0,0,0,0,0,0,0,0,0,0,0,0,1,36,520,0,0,0,0,0,0,0,0,0,0,0,0
2,1995,104,'940380290',213,NO,KG,1,25,416,0,0,0,0,0,0,0,0,0,0,0,0,0,0,0,0,0,0,0,0,0,0,0,0,0,0,0,1,25,416,0,0,0,0,0,0
2,1995,104,'940380290',225,NO,KG,1,90,302,0,0,0,0,0,0,0,0,0,0,0,0,0,0,0,0,0,0,0,0,0,0,0,0,0,0,0,0,0,0,0,0,0,1,90,302
2,1995,104,'940380290',304,NO,KG,14,1753,1848,0,0,0,0,0,0,0,0,0,0,0,0,1,6,241,0,0,0,0,0,0,0,0,0,0,0,0,0,0,0,13,1747,1607,0,0,0
2,1995,104,'940380290',410,NO,KG,10,1315,883,0,0,0,0,0,0,0,0,0,0,0,0,0,0,0,0,0,0,10,1315,883,0,0,0,0,0,0,0,0,0,0,0,0,0,0,0
2,1995,104,'940380290',601,NO,KG,3,388,300,0,0,0,0,0,0,0,0,0,0,0,0,0,0,0,0,0,0,0,0,0,0,0,0,0,0,0,0,0,0,3,388,300,0,0,0
2,1995,104,'940390010',112,,KG,0,3227,7558,0,0,0,0,0,0,0,0,0,0,0,0,0,0,0,0,0,0,0,0,0,0,0,0,0,1673,3754,0,1071,2550,0,483,1254,0,0,0
2,1995,104,'940390010',203,,KG,0,120,525,0,0,0,0,0,0,0,0,0,0,0,0,0,0,0,0,0,0,0,0,0,0,0,0,0,120,525,0,0,0,0,0,0,0,0,0
2,1995,104,'940390010',205,,KG,0,14600,22831,0,0,0,0,5,211,0,0,0,0,0,0,0,0,0,0,0,0,0,0,0,0,0,0,0,0,0,0,0,0,0,5581,8788,0,9014,13832
2,1995,104,'940390010',207,,KG,0,1121,878,0,0,0,0,0,0,0,0,0,0,0,0,0,0,0,0,0,0,0,0,0,0,410,278,0,711,600,0,0,0,0,0,0,0,0,0
2,1995,104,'940390010',213,,KG,0,3322,3103,0,978,1077,0,0,0,0,1944,1326,0,0,0,0,0,0,0,0,0,0,0,0,0,400,700,0,0,0,0,0,0,0,0,0,0,0,0
2,1995,104,'940390010',215,,KG,0,835,698,0,0,0,0,0,0,0,0,0,0,0,0,0,0,0,0,0,0,0,0,0,0,0,0,0,0,0,0,0,0,0,835,698,0,0,0
2,1995,104,'940390010',220,,KG,0,163,1195,0,0,0,0,0,0,0,0,0,0,0,0,0,0,0,0,0,0,0,0,0,0,0,0,0,0,0,0,0,0,0,100,963,0,63,232
2,1995,104,'940390010',225,,KG,0,10954,6644,0,0,0,0,0,0,0,0,0,0,0,0,0,2173,1158,0,1205,1031,0,0,0,0,0,0,0,0,0,0,500,321,0,4980,2946,0,2096,1188
2,1995,104,'940390010',304,,KG,0,7025,12401,0,0,0,0,375,899,0,47,468,0,720,766,0,15,387,0,0,0,0,520,643,0,1273,1858,0,700,911,0,2255,3636,0,45,771,0,1075,2062
2,1995,104,'940390020',103,,KG,0,250,2488,0,0,0,0,0,0,0,0,0,0,0,0,0,0,0,0,250,2488,0,0,0,0,0,0,0,0,0,0,0,0,0,0,0,0,0,0
2,1995,104,'940390020',106,,KG,0,961,1248,0,0,0,0,0,0,0,462,286,0,0,0,0,0,0,0,499,962,0,0,0,0,0,0,0,0,0,0,0,0,0,0,0,0,0,0
2,1995,104,'940390020',112,,KG,0,3258,7614,0,0,0,0,0,0,0,0,0,0,0,0,0,0,0,0,0,0,0,0,0,0,0,0,0,1543,3436,0,1204,2855,0,511,1323,0,0,0
2,1995,104,'940390020',113,,KG,0,1900,1329,0,0,0,0,0,0,0,0,0,0,0,0,0,0,0,0,0,0,0,0,0,0,205,233,0,1695,1096,0,0,0,0,0,0,0,0,0
2,1995,104,'940390020',118,,KG,0,3590,2455,0,0,0,0,0,0,0,0,0,0,0,0,0,0,0,0,0,0,0,0,0,0,0,0,0,0,0,0,480,413,0,3110,2042,0,0,0
2,1995,104,'940390020',206,,KG,0,100,271,0,0,0,0,100,271,0,0,0,0,0,0,0,0,0,0,0,0,0,0,0,0,0,0,0,0,0,0,0,0,0,0,0,0,0,0
2,1995,104,'940390020',210,,KG,0,4500,4387,0,0,0,0,0,0,0,0,0,0,0,0,0,0,0,0,0,0,0,0,0,0,0,0,0,4500,4387,0,0,0,0,0,0,0,0,0
2,1995,104,'940390020',213,,KG,0,1610,2075,0,0,0,0,0,0,0,0,0,0,0,0,0,0,0,0,0,0,0,550,714,0,234,441,0,403,335,0,423,585,0,0,0,0,0,0
2,1995,104,'940390020',215,,KG,0,180,544,0,0,0,0,0,0,0,0,0,0,180,544,0,0,0,0,0,0,0,0,0,0,0,0,0,0,0,0,0,0,0,0,0,0,0,0
2,1995,104,'940390020',220,,KG,0,352,661,0,0,0,0,0,0,0,0,0,0,0,0,0,0,0,0,0,0,0,0,0,0,352,661,0,0,0,0,0,0,0,0,0,0,0,0
2,1995,104,'940390020',304,,KG,0,2438,3397,0,328,707,0,0,0,0,413,636,0,0,0,0,0,0,0,0,0,0,950,1063,0,0,0,0,269,359,0,0,0,0,0,0,0,478,632
2,1995,104,'940390020',506,,KG,0,98,216,0,0,0,0,0,0,0,0,0,0,0,0,0,0,0,0,0,0,0,0,0,0,98,216,0,0,0,0,0,0,0,0,0,0,0,0
2,1995,104,'940390030',118,,KG,0,445,740,0,0,0,0,0,0,0,0,0,0,0,0,0,0,0,0,0,0,0,0,0,0,0,0,0,0,0,0,445,740,0,0,0,0,0,0
2,1995,104,'940390090',112,,KG,0,158,307,0,0,0,0,0,0,0,0,0,0,0,0,0,0,0,0,0,0,0,0,0,0,0,0,0,158,307,0,0,0,0,0,0,0,0,0
2,1995,104,'940390090',203,,KG,0,58,214,0,0,0,0,0,0,0,0,0,0,0,0,0,0,0,0,0,0,0,0,0,0,0,0,0,58,214,0,0,0,0,0,0,0,0,0
2,1995,104,'940390090',213,,KG,0,150,254,0,0,0,0,0,0,0,0,0,0,0,0,0,0,0,0,0,0,0,0,0,0,0,0,0,150,254,0,0,0,0,0,0,0,0,0
2,1995,104,'940390090',304,,KG,0,225,1345,0,3,248,0,0,0,0,0,0,0,0,0,0,220,544,0,1,255,0,1,298,0,0,0,0,0,0,0,0,0,0,0,0,0,0,0
2,1995,104,'940429000',304,NO,KG,10,287,489,0,0,0,0,0,0,0,0,0,0,0,0,0,0,0,0,0,0,0,0,0,0,0,0,0,0,0,0,0,0,10,287,489,0,0,0
2,1995,104,'940430000',105,,KG,0,428,766,0,0,0,0,0,0,0,0,0,0,80,300,0,0,0,0,0,0,0,0,0,0,0,0,0,0,0,0,0,0,0,348,466,0,0,0
2,1995,104,'940430000',304,,KG,0,541,2952,0,0,0,0,0,0,0,541,2952,0,0,0,0,0,0,0,0,0,0,0,0,0,0,0,0,0,0,0,0,0,0,0,0,0,0,0
2,1995,104,'940490010',105,NO,KG,360,769,2689,60,229,456,0,0,0,0,0,0,0,0,0,0,0,0,0,0,0,0,0,0,0,0,0,300,540,2233,0,0,0,0,0,0,0,0,0
2,1995,104,'940490010',210,NO,KG,1,3,321,1,3,321,0,0,0,0,0,0,0,0,0,0,0,0,0,0,0,0,0,0,0,0,0,0,0,0,0,0,0,0,0,0,0,0,0
2,1995,104,'940490010',213,NO,KG,101,218,4764,0,0,0,0,0,0,38,87,2396,0,0,0,0,0,0,6,10,444,20,46,474,0,0,0,0,0,0,15,48,1077,0,0,0,22,27,373
2,1995,104,'940490010',222,NO,KG,12,26,909,0,0,0,12,26,909,0,0,0,0,0,0,0,0,0,0,0,0,0,0,0,0,0,0,0,0,0,0,0,0,0,0,0,0,0,0
2,1995,104,'940490010',227,NO,KG,133,218,2116,0,0,0,0,0,0,33,74,914,0,0,0,0,0,0,0,0,0,70,81,695,0,0,0,0,0,0,30,63,507,0,0,0,0,0,0
2,1995,104,'940490090',103,,KG,0,480,2011,0,0,0,0,0,0,0,0,0,0,0,0,0,0,0,0,0,0,0,0,0,0,0,0,0,0,0,0,480,2011,0,0,0,0,0,0
2,1995,104,'940490090',105,,KG,0,16919,29787,0,3300,4542,0,0,0,0,2880,2136,0,0,0,0,0,0,0,0,0,0,2142,3050,0,1052,1597,0,2976,6325,0,4569,12137,0,0,0,0,0,0
2,1995,104,'940490090',106,,KG,0,142,263,0,0,0,0,0,0,0,0,0,0,0,0,0,142,263,0,0,0,0,0,0,0,0,0,0,0,0,0,0,0,0,0,0,0,0,0
2,1995,104,'940490090',117,,KG,0,1114,1412,0,0,0,0,0,0,0,0,0,0,0,0,0,0,0,0,0,0,0,0,0,0,0,0,0,0,0,0,824,1026,0,290,386,0,0,0
2,1995,104,'940490090',205,,KG,0,1164,4212,0,0,0,0,0,0,0,0,0,0,8,211,0,50,393,0,0,0,0,0,0,0,3,223,0,0,0,0,13,495,0,0,0,0,1090,2890
2,1995,104,'940490090',210,,KG,0,408,9073,0,0,0,0,6,334,0,5,260,0,5,347,0,130,316,0,106,2217,0,0,0,0,0,0,0,85,2431,0,10,927,0,45,2012,0,16,229
2,1995,104,'940490090',213,,KG,0,2780,33741,0,910,10336,0,8,526,0,9,513,0,470,5427,0,150,1878,0,160,2123,0,622,6722,0,80,1144,0,10,272,0,295,3444,0,35,817,0,31,539
2,1995,104,'940490090',220,,KG,0,109,372,0,0,0,0,0,0,0,0,0,0,109,372,0,0,0,0,0,0,0,0,0,0,0,0,0,0,0,0,0,0,0,0,0,0,0,0
2,1995,104,'940490090',227,,KG,0,190,464,0,0,0,0,0,0,0,80,215,0,0,0,0,0,0,0,0,0,0,110,249,0,0,0,0,0,0,0,0,0,0,0,0,0,0,0
2,1995,104,'940490090',304,,KG,0,2903,7826,0,0,0,0,653,1192,0,90,358,0,0,0,0,0,0,0,0,0,0,262,559,0,1274,2945,0,410,1957,0,3,208,0,211,607,0,0,0
2,1995,104,'940490090',606,,KG,0,200,1045,0,0,0,0,0,0,0,0,0,0,0,0,0,0,0,0,0,0,0,0,0,0,0,0,0,0,0,0,200,1045,0,0,0,0,0,0
2,1995,104,'940510090',105,,KG,0,190,301,0,0,0,0,0,0,0,0,0,0,0,0,0,0,0,0,0,0,0,0,0,0,0,0,0,0,0,0,190,301,0,0,0,0,0,0
2,1995,104,'940510090',106,,KG,0,857,312,0,0,0,0,0,0,0,0,0,0,0,0,0,0,0,0,0,0,0,0,0,0,0,0,0,0,0,0,0,0,0,0,0,0,857,312
2,1995,104,'940510090',204,,KG,0,258,2057,0,0,0,0,0,0,0,0,0,0,0,0,0,0,0,0,0,0,0,0,0,0,0,0,0,0,0,0,152,783,0,0,0,0,106,1274
2,1995,104,'940510090',205,,KG,0,921,3961,0,0,0,0,60,548,0,228,1014,0,0,0,0,480,795,0,87,337,0,0,0,0,0,0,0,0,0,0,0,0,0,60,405,0,6,862
2,1995,104,'940510090',210,,KG,0,818,9642,0,0,0,0,0,0,0,480,5574,0,0,0,0,222,1093,0,60,2638,0,56,337,0,0,0,0,0,0,0,0,0,0,0,0,0,0,0
2,1995,104,'940510090',213,,KG,0,4007,32307,0,0,0,0,0,0,0,0,0,0,0,0,0,0,0,0,1000,7598,0,55,804,0,1040,5297,0,1400,13126,0,0,0,0,500,4490,0,12,992
2,1995,104,'940510090',218,,KG,0,38,245,0,0,0,0,0,0,0,0,0,0,0,0,0,0,0,0,0,0,0,0,0,0,38,245,0,0,0,0,0,0,0,0,0,0,0,0
2,1995,104,'940510090',220,,KG,0,120,1288,0,0,0,0,0,0,0,0,0,0,0,0,0,0,0,0,0,0,0,120,1288,0,0,0,0,0,0,0,0,0,0,0,0,0,0,0
2,1995,104,'940510090',225,,KG,0,398,3315,0,128,1429,0,0,0,0,0,0,0,0,0,0,0,0,0,0,0,0,0,0,0,0,0,0,0,0,0,0,0,0,0,0,0,270,1886
2,1995,104,'940510090',304,,KG,0,4493,15349,0,4,201,0,186,1207,0,107,921,0,240,943,0,1,475,0,23,905,0,3224,3559,0,6,866,0,0,0,0,467,1483,0,6,2842,0,229,1947
2,1995,104,'940520010',304,,KG,0,15,1198,0,0,0,0,0,0,0,0,0,0,0,0,0,0,0,0,0,0,0,15,1198,0,0,0,0,0,0,0,0,0,0,0,0,0,0,0
2,1995,104,'940520090',105,,KG,0,1068,1979,0,0,0,0,0,0,0,0,0,0,0,0,0,0,0,0,0,0,0,1068,1979,0,0,0,0,0,0,0,0,0,0,0,0,0,0,0
2,1995,104,'940520090',106,,KG,0,422,658,0,0,0,0,0,0,0,0,0,0,0,0,0,0,0,0,0,0,0,0,0,0,0,0,0,174,254,0,0,0,0,0,0,0,248,404
2,1995,104,'940520090',108,,KG,0,32,720,0,0,0,0,0,0,0,0,0,0,0,0,0,0,0,0,12,478,0,0,0,0,0,0,0,0,0,0,0,0,0,20,242,0,0,0
2,1995,104,'940520090',205,,KG,0,32,1141,0,0,0,0,0,0,0,0,0,0,12,319,0,0,0,0,10,217,0,0,0,0,0,0,0,0,0,0,0,0,0,0,0,0,10,605
2,1995,104,'940520090',207,,KG,0,56,1019,0,26,283,0,0,0,0,0,0,0,0,0,0,30,736,0,0,0,0,0,0,0,0,0,0,0,0,0,0,0,0,0,0,0,0,0
2,1995,104,'940520090',210,,KG,0,482,23790,0,0,0,0,0,0,0,0,0,0,0,0,0,190,702,0,220,18347,0,44,510,0,0,0,0,0,0,0,28,4231,0,0,0,0,0,0
2,1995,104,'940520090',213,,KG,0,1500,7820,0,0,0,0,1500,7820,0,0,0,0,0,0,0,0,0,0,0,0,0,0,0,0,0,0,0,0,0,0,0,0,0,0,0,0,0,0
2,1995,104,'940520090',220,,KG,0,230,1403,0,180,650,0,0,0,0,0,0,0,0,0,0,0,0,0,0,0,0,30,503,0,0,0,0,0,0,0,0,0,0,0,0,0,20,250
2,1995,104,'940520090',302,,KG,0,320,736,0,0,0,0,0,0,0,0,0,0,0,0,0,0,0,0,0,0,0,0,0,0,0,0,0,0,0,0,40,208,0,280,528,0,0,0
2,1995,104,'940520090',304,,KG,0,554,8719,0,100,235,0,23,208,0,200,612,0,220,6962,0,0,0,0,5,468,0,0,0,0,0,0,0,6,234,0,0,0,0,0,0,0,0,0
2,1995,104,'940530000',106,,KG,0,2322,3428,0,0,0,0,0,0,0,0,0,0,0,0,0,0,0,0,0,0,0,0,0,0,0,0,0,0,0,0,732,1065,0,820,1188,0,770,1175
2,1995,104,'940540010',118,,KG,0,432,823,0,0,0,0,432,823,0,0,0,0,0,0,0,0,0,0,0,0,0,0,0,0,0,0,0,0,0,0,0,0,0,0,0,0,0,0
2,1995,104,'940540010',204,,KG,0,1790,7323,0,0,0,0,0,0,0,0,0,0,0,0,0,0,0,0,0,0,0,0,0,0,0,0,0,588,2117,0,0,0,0,1202,5206,0,0,0
2,1995,104,'940540010',205,,KG,0,356,2318,0,0,0,0,0,0,0,0,0,0,0,0,0,0,0,0,26,223,0,150,1179,0,0,0,0,180,916,0,0,0,0,0,0,0,0,0
2,1995,104,'940540010',208,,KG,0,60,321,0,0,0,0,0,0,0,0,0,0,0,0,0,0,0,0,0,0,0,60,321,0,0,0,0,0,0,0,0,0,0,0,0,0,0,0
2,1995,104,'940540010',210,,KG,0,750,2695,0,0,0,0,0,0,0,0,0,0,0,0,0,0,0,0,0,0,0,0,0,0,0,0,0,0,0,0,750,2695,0,0,0,0,0,0
2,1995,104,'940540010',213,,KG,0,4,578,0,0,0,0,0,0,0,0,0,0,0,0,0,0,0,0,0,0,0,0,0,0,4,578,0,0,0,0,0,0,0,0,0,0,0,0
2,1995,104,'940540010',220,,KG,0,954,9988,0,0,0,0,0,0,0,294,3984,0,0,0,0,0,0,0,0,0,0,190,2017,0,150,1556,0,0,0,0,0,0,0,0,0,0,320,2431
2,1995,104,'940540010',304,,KG,0,3562,58096,0,9,693,0,1380,36408,0,605,6353,0,202,2534,0,3,587,0,0,0,0,40,236,0,1205,6165,0,0,0,0,94,3430,0,1,258,0,23,1432
2,1995,104,'940540029',103,,KG,0,200,470,0,0,0,0,0,0,0,0,0,0,0,0,0,200,470,0,0,0,0,0,0,0,0,0,0,0,0,0,0,0,0,0,0,0,0,0
2,1995,104,'940540029',105,,KG,0,806,1960,0,0,0,0,0,0,0,360,728,0,0,0,0,0,0,0,0,0,0,0,0,0,0,0,0,106,473,0,0,0,0,0,0,0,340,759
2,1995,104,'940540029',108,,KG,0,104,567,0,0,0,0,0,0,0,0,0,0,0,0,0,0,0,0,40,260,0,64,307,0,0,0,0,0,0,0,0,0,0,0,0,0,0,0
2,1995,104,'940540029',202,,KG,0,4,411,0,4,411,0,0,0,0,0,0,0,0,0,0,0,0,0,0,0,0,0,0,0,0,0,0,0,0,0,0,0,0,0,0,0,0,0
2,1995,104,'940540029',205,,KG,0,607,4654,0,0,0,0,0,0,0,0,0,0,0,0,0,20,412,0,0,0,0,0,0,0,77,1240,0,0,0,0,4,319,0,400,1073,0,106,1610
2,1995,104,'940540029',208,,KG,0,23,632,0,0,0,0,0,0,0,0,0,0,0,0,0,0,0,0,0,0,0,0,0,0,0,0,0,23,632,0,0,0,0,0,0,0,0,0
2,1995,104,'940540029',210,,KG,0,13,1373,0,0,0,0,0,0,0,0,0,0,0,0,0,0,0,0,0,0,0,9,886,0,4,487,0,0,0,0,0,0,0,0,0,0,0,0
2,1995,104,'940540029',213,,KG,0,922,7859,0,0,0,0,650,3580,0,123,1149,0,54,671,0,0,0,0,0,0,0,0,0,0,0,0,0,0,0,0,0,0,0,25,937,0,70,1522
2,1995,104,'940540029',218,,KG,0,243,314,0,0,0,0,0,0,0,0,0,0,0,0,0,0,0,0,0,0,0,0,0,0,0,0,0,243,314,0,0,0,0,0,0,0,0,0
2,1995,104,'940540029',220,,KG,0,63,2204,0,0,0,0,0,0,0,0,0,0,0,0,0,0,0,0,0,0,0,0,0,0,0,0,0,0,0,0,40,803,0,23,1401,0,0,0
2,1995,104,'940540029',302,,KG,0,350,543,0,0,0,0,0,0,0,0,0,0,0,0,0,0,0,0,0,0,0,0,0,0,0,0,0,0,0,0,0,0,0,350,543,0,0,0
2,1995,104,'940540029',304,,KG,0,3466,53409,0,116,778,0,42,6099,0,514,19953,0,376,12417,0,40,1641,0,15,641,0,1895,2521,0,92,1490,0,35,2002,0,129,1571,0,204,3949,0,8,347
2,1995,104,'940550090',103,,KG,0,320,634,0,0,0,0,0,0,0,0,0,0,0,0,0,320,634,0,0,0,0,0,0,0,0,0,0,0,0,0,0,0,0,0,0,0,0,0
2,1995,104,'940550090',111,,KG,0,996,1046,0,0,0,0,0,0,0,0,0,0,0,0,0,0,0,0,0,0,0,0,0,0,0,0,0,0,0,0,0,0,0,0,0,0,996,1046
2,1995,104,'940550090',210,,KG,0,10,240,0,0,0,0,0,0,0,0,0,0,0,0,0,10,240,0,0,0,0,0,0,0,0,0,0,0,0,0,0,0,0,0,0,0,0,0
2,1995,104,'940550090',220,,KG,0,50,245,0,0,0,0,0,0,0,0,0,0,0,0,0,0,0,0,0,0,0,0,0,0,0,0,0,0,0,0,0,0,0,0,0,0,50,245
2,1995,104,'940550090',304,,KG,0,1004,4518,0,0,0,0,0,0,0,0,0,0,102,309,0,0,0,0,622,3579,0,0,0,0,0,0,0,56,420,0,224,210,0,0,0,0,0,0
2,1995,104,'940560010',205,,KG,0,70,537,0,0,0,0,0,0,0,0,0,0,0,0,0,0,0,0,0,0,0,0,0,0,0,0,0,0,0,0,70,537,0,0,0,0,0,0
2,1995,104,'940560010',213,,KG,0,100,243,0,0,0,0,0,0,0,0,0,0,0,0,0,0,0,0,0,0,0,0,0,0,0,0,0,0,0,0,100,243,0,0,0,0,0,0
2,1995,104,'940560010',304,,KG,0,2265,8415,0,0,0,0,0,0,0,0,0,0,0,0,0,0,0,0,1,303,0,1,227,0,12,224,0,744,2632,0,1272,4059,0,235,970,0,0,0
2,1995,104,'940560040',304,,KG,0,7748,21329,0,1,434,0,0,0,0,0,0,0,0,0,0,0,0,0,10,264,0,250,1352,0,900,3932,0,2636,7302,0,1241,4253,0,2375,2152,0,335,1640
2,1995,104,'940591000',205,,KG,0,3,265,0,0,0,0,0,0,0,0,0,0,0,0,0,0,0,0,0,0,0,0,0,0,0,0,0,0,0,0,0,0,0,0,0,0,3,265
2,1995,104,'940591000',210,,KG,0,10,244,0,0,0,0,0,0,0,0,0,0,0,0,0,0,0,0,10,244,0,0,0,0,0,0,0,0,0,0,0,0,0,0,0,0,0,0
2,1995,104,'940591000',220,,KG,0,473,1530,0,0,0,0,135,305,0,0,0,0,0,0,0,0,0,0,220,859,0,118,366,0,0,0,0,0,0,0,0,0,0,0,0,0,0,0
2,1995,104,'940591000',304,,KG,0,17,1131,0,2,246,0,0,0,0,0,0,0,0,0,0,5,361,0,7,283,0,0,0,0,0,0,0,3,241,0,0,0,0,0,0,0,0,0
2,1995,104,'940592000',304,,KG,0,615,2343,0,0,0,0,560,578,0,0,0,0,0,0,0,0,0,0,0,0,0,2,309,0,9,625,0,37,428,0,0,0,0,0,0,0,7,403
2,1995,104,'940599091',205,,KG,0,287,6234,0,0,0,0,0,0,0,0,0,0,18,380,0,0,0,0,260,5539,0,0,0,0,0,0,0,0,0,0,9,315,0,0,0,0,0,0
2,1995,104,'940599091',207,,KG,0,20,632,0,0,0,0,0,0,0,0,0,0,0,0,0,0,0,0,0,0,0,0,0,0,0,0,0,20,632,0,0,0,0,0,0,0,0,0
2,1995,104,'940599091',210,,KG,0,300,2047,0,0,0,0,18,251,0,0,0,0,0,0,0,0,0,0,1,1193,0,0,0,0,280,305,0,0,0,0,1,298,0,0,0,0,0,0
2,1995,104,'940599091',213,,KG,0,312,3650,0,0,0,0,0,0,0,0,0,0,0,0,0,14,1329,0,100,372,0,0,0,0,0,0,0,198,1949,0,0,0,0,0,0,0,0,0
2,1995,104,'940599091',220,,KG,0,100,344,0,0,0,0,0,0,0,0,0,0,100,344,0,0,0,0,0,0,0,0,0,0,0,0,0,0,0,0,0,0,0,0,0,0,0,0
2,1995,104,'940599091',304,,KG,0,1694,28547,0,106,2614,0,7,347,0,49,13735,0,6,550,0,15,323,0,27,1968,0,1163,1223,0,7,873,0,4,795,0,149,2970,0,135,2612,0,26,537
2,1995,104,'940599099',108,,KG,0,4,202,0,0,0,0,0,0,0,0,0,0,4,202,0,0,0,0,0,0,0,0,0,0,0,0,0,0,0,0,0,0,0,0,0,0,0,0
2,1995,104,'940599099',205,,KG,0,533,2901,0,0,0,0,0,0,0,120,584,0,0,0,0,0,0,0,0,0,0,4,204,0,0,0,0,85,728,0,0,0,0,200,850,0,124,535
2,1995,104,'940599099',210,,KG,0,0,699,0,0,0,0,0,0,0,0,0,0,0,699,0,0,0,0,0,0,0,0,0,0,0,0,0,0,0,0,0,0,0,0,0,0,0,0
2,1995,104,'940599099',220,,KG,0,89,814,0,0,0,0,0,0,0,0,0,0,0,0,0,0,0,0,0,0,0,6,258,0,80,290,0,0,0,0,0,0,0,3,266,0,0,0
2,1995,104,'940599099',304,,KG,0,1160,20435,0,0,0,0,281,4411,0,0,0,0,12,242,0,18,1807,0,23,708,0,53,1098,0,36,4285,0,26,1594,0,0,0,0,15,374,0,696,5916
2,1995,104,'940599099',401,,KG,0,30,260,0,0,0,0,0,0,0,0,0,0,0,0,0,0,0,0,0,0,0,0,0,0,0,0,0,30,260,0,0,0,0,0,0,0,0,0
2,1995,104,'940600090',220,ST,KG,1,2090,2235,0,0,0,0,0,0,0,0,0,1,2090,2235,0,0,0,0,0,0,0,0,0,0,0,0,0,0,0,0,0,0,0,0,0,0,0,0
2,1995,104,'940600090',304,ST,KG,2,4064,10436,0,0,0,0,0,0,0,0,0,0,0,0,0,0,0,0,0,0,0,0,0,0,0,0,0,0,0,1,808,2937,1,3256,7499,0,0,0
2,1995,104,'950100000',106,,KG,0,600,432,0,0,0,0,0,0,0,600,432,0,0,0,0,0,0,0,0,0,0,0,0,0,0,0,0,0,0,0,0,0,0,0,0,0,0,0
2,1995,104,'950210000',105,NO,KG,1575528,35602,54735,0,0,0,378556,4254,8133,533107,7071,10551,106000,883,1171,103296,3476,4552,97000,3618,5178,26100,2063,2225,183419,8033,11832,26280,916,1955,13116,1909,3446,15204,1710,2621,93450,1669,3071
2,1995,104,'950210000',111,NO,KG,8850,730,2450,0,0,0,0,0,0,0,0,0,0,0,0,0,0,0,0,0,0,0,0,0,0,0,0,0,0,0,0,0,0,8850,730,2450,0,0,0
2,1995,104,'950210000',113,NO,KG,530,403,1731,0,0,0,0,0,0,0,0,0,0,0,0,0,0,0,0,0,0,0,0,0,0,0,0,0,0,0,0,0,0,330,203,999,200,200,732
2,1995,104,'950210000',205,NO,KG,219,3,341,0,0,0,0,0,0,0,0,0,0,0,0,0,0,0,0,0,0,0,0,0,0,0,0,219,3,341,0,0,0,0,0,0,0,0,0
2,1995,104,'950210000',210,NO,KG,51,78,502,0,0,0,0,0,0,0,0,0,0,0,0,0,0,0,0,0,0,0,0,0,0,0,0,0,0,0,51,78,502,0,0,0,0,0,0
2,1995,104,'950210000',213,NO,KG,423,26,260,0,0,0,0,0,0,0,0,0,0,0,0,0,0,0,0,0,0,0,0,0,0,0,0,0,0,0,0,0,0,0,0,0,423,26,260
2,1995,104,'950210000',218,NO,KG,1,6,286,0,0,0,0,0,0,0,0,0,0,0,0,0,0,0,0,0,0,0,0,0,0,0,0,0,0,0,0,0,0,1,6,286,0,0,0
2,1995,104,'950210000',225,NO,KG,993,108,474,0,0,0,0,0,0,0,0,0,993,108,474,0,0,0,0,0,0,0,0,0,0,0,0,0,0,0,0,0,0,0,0,0,0,0,0
2,1995,104,'950210000',245,NO,KG,4,40,392,0,0,0,0,0,0,0,0,0,0,0,0,0,0,0,0,0,0,0,0,0,0,0,0,0,0,0,4,40,392,0,0,0,0,0,0
2,1995,104,'950210000',304,NO,KG,553,447,5435,116,177,929,1,13,599,31,1,348,0,0,0,83,13,376,0,0,0,26,5,1713,208,101,741,0,0,0,10,90,201,0,0,0,78,47,528
2,1995,104,'950291000',105,,KG,0,5990,19354,0,0,0,0,0,0,0,0,0,0,0,0,0,0,0,0,0,0,0,0,0,0,0,0,0,5500,16080,0,0,0,0,400,2550,0,90,724
2,1995,104,'950310010',215,,KG,0,4,1094,0,0,0,0,0,0,0,4,1094,0,0,0,0,0,0,0,0,0,0,0,0,0,0,0,0,0,0,0,0,0,0,0,0,0,0,0
2,1995,104,'950310010',220,,KG,0,3,406,0,0,0,0,0,0,0,0,0,0,0,0,0,0,0,0,0,0,0,0,0,0,0,0,0,0,0,0,0,0,0,3,406,0,0,0
2,1995,104,'950310010',304,,KG,0,91,2388,0,16,317,0,4,314,0,25,418,0,0,0,0,12,244,0,0,0,0,20,217,0,0,0,0,0,0,0,0,0,0,8,437,0,6,441
2,1995,104,'950310020',215,,KG,0,3,432,0,0,0,0,0,0,0,0,0,0,0,0,0,0,0,0,3,432,0,0,0,0,0,0,0,0,0,0,0,0,0,0,0,0,0,0
2,1995,104,'950310020',304,,KG,0,28,979,0,0,0,0,0,0,0,8,456,0,0,0,0,0,0,0,0,0,0,0,0,0,20,523,0,0,0,0,0,0,0,0,0,0,0,0
2,1995,104,'950320010',105,,KG,0,212,937,0,0,0,0,0,0,0,0,0,0,0,0,0,4,233,0,0,0,0,0,0,0,0,0,0,0,0,0,0,0,0,0,0,0,208,704
2,1995,104,'950320010',106,,KG,0,54,985,0,0,0,0,0,0,0,0,0,0,0,0,0,53,773,0,1,212,0,0,0,0,0,0,0,0,0,0,0,0,0,0,0,0,0,0
2,1995,104,'950320010',108,,KG,0,54,1147,0,0,0,0,0,0,0,50,927,0,0,0,0,0,0,0,0,0,0,0,0,0,0,0,0,0,0,0,4,220,0,0,0,0,0,0
2,1995,104,'950320010',112,,KG,0,20,358,0,20,358,0,0,0,0,0,0,0,0,0,0,0,0,0,0,0,0,0,0,0,0,0,0,0,0,0,0,0,0,0,0,0,0,0
2,1995,104,'950320010',117,,KG,0,76,318,0,0,0,0,0,0,0,0,0,0,0,0,0,0,0,0,76,318,0,0,0,0,0,0,0,0,0,0,0,0,0,0,0,0,0,0
2,1995,104,'950320010',205,,KG,0,4,221,0,0,0,0,0,0,0,0,0,0,0,0,0,4,221,0,0,0,0,0,0,0,0,0,0,0,0,0,0,0,0,0,0,0,0,0
2,1995,104,'950320010',208,,KG,0,9,297,0,0,0,0,0,0,0,0,0,0,0,0,0,9,297,0,0,0,0,0,0,0,0,0,0,0,0,0,0,0,0,0,0,0,0,0
2,1995,104,'950320010',213,,KG,0,177,1378,0,0,0,0,0,0,0,0,0,0,0,0,0,56,236,0,0,0,0,0,0,0,0,0,0,0,0,0,0,0,0,0,0,0,121,1142
2,1995,104,'950320010',220,,KG,0,1670,16928,0,40,330,0,145,1841,0,465,4228,0,280,3631,0,186,1839,0,40,302,0,140,1221,0,115,1362,0,0,0,0,58,587,0,90,719,0,111,868
2,1995,104,'950320010',225,,KG,0,16,232,0,0,0,0,0,0,0,0,0,0,0,0,0,16,232,0,0,0,0,0,0,0,0,0,0,0,0,0,0,0,0,0,0,0,0,0
2,1995,104,'950320010',246,,KG,0,8,214,0,0,0,0,0,0,0,8,214,0,0,0,0,0,0,0,0,0,0,0,0,0,0,0,0,0,0,0,0,0,0,0,0,0,0,0
2,1995,104,'950320010',304,,KG,0,2829,12347,0,65,278,0,41,458,0,0,0,0,0,0,0,0,0,0,0,0,0,40,217,0,182,1052,0,110,460,0,50,284,0,757,3051,0,1584,6547
2,1995,104,'950320020',117,,KG,0,108,327,0,0,0,0,0,0,0,0,0,0,0,0,0,0,0,0,0,0,0,0,0,0,0,0,0,0,0,0,0,0,0,0,0,0,108,327
2,1995,104,'950320020',205,,KG,0,24,433,0,0,0,0,11,219,0,0,0,0,0,0,0,0,0,0,0,0,0,0,0,0,13,214,0,0,0,0,0,0,0,0,0,0,0,0
2,1995,104,'950320020',208,,KG,0,13,588,0,0,0,0,0,0,0,0,0,0,13,588,0,0,0,0,0,0,0,0,0,0,0,0,0,0,0,0,0,0,0,0,0,0,0,0
2,1995,104,'950320020',601,,KG,0,18,226,0,0,0,0,0,0,0,0,0,0,0,0,0,18,226,0,0,0,0,0,0,0,0,0,0,0,0,0,0,0,0,0,0,0,0,0
2,1995,104,'950330010',105,,KG,0,3363,6310,0,0,0,0,0,0,0,0,0,0,0,0,0,0,0,0,0,0,0,3363,6310,0,0,0,0,0,0,0,0,0,0,0,0,0,0,0
2,1995,104,'950330010',208,,KG,0,7,234,0,0,0,0,0,0,0,0,0,0,7,234,0,0,0,0,0,0,0,0,0,0,0,0,0,0,0,0,0,0,0,0,0,0,0,0
2,1995,104,'950330010',220,,KG,0,375,6795,0,0,0,0,0,0,0,0,0,0,25,543,0,0,0,0,0,0,0,66,2249,0,165,2789,0,0,0,0,75,487,0,44,727,0,0,0
2,1995,104,'950330010',304,,KG,0,25,286,0,0,0,0,0,0,0,0,0,0,25,286,0,0,0,0,0,0,0,0,0,0,0,0,0,0,0,0,0,0,0,0,0,0,0,0
2,1995,104,'950341010',105,,KG,0,12143,24280,0,0,0,0,0,0,0,0,0,0,435,635,0,234,713,0,331,456,0,0,0,0,633,1237,0,7506,13027,0,1144,3703,0,965,2037,0,895,2472
2,1995,104,'950341010',108,,KG,0,2222,4036,0,0,0,0,0,0,0,0,0,0,0,0,0,0,0,0,0,0,0,0,0,0,0,0,0,0,0,0,51,281,0,0,0,0,2171,3755
2,1995,104,'950341010',111,,KG,0,1781,6465,0,0,0,0,443,1727,0,0,0,0,0,0,0,0,0,0,0,0,0,0,0,0,0,0,0,0,0,0,0,0,0,950,3180,0,388,1558
2,1995,104,'950341010',205,,KG,0,22,513,0,2,277,0,0,0,0,0,0,0,0,0,0,0,0,0,0,0,0,0,0,0,0,0,0,20,236,0,0,0,0,0,0,0,0,0
2,1995,104,'950341010',210,,KG,0,48,232,0,0,0,0,0,0,0,48,232,0,0,0,0,0,0,0,0,0,0,0,0,0,0,0,0,0,0,0,0,0,0,0,0,0,0,0
2,1995,104,'950341010',304,,KG,0,634,4726,0,0,0,0,0,0,0,0,0,0,0,0,0,2,321,0,175,1649,0,70,264,0,0,0,0,0,0,0,32,466,0,247,753,0,108,1273
2,1995,104,'950341010',601,,KG,0,196,855,0,0,0,0,0,0,0,0,0,0,0,0,0,0,0,0,0,0,0,0,0,0,81,252,0,0,0,0,0,0,0,115,603,0,0,0
2,1995,104,'950341020',103,,KG,0,850,1651,0,0,0,0,0,0,0,0,0,0,0,0,0,0,0,0,0,0,0,0,0,0,0,0,0,0,0,0,0,0,0,0,0,0,850,1651
2,1995,104,'950341020',105,,KG,0,92908,132835,0,2184,3446,0,1928,3156,0,1988,2687,0,320,849,0,1026,1264,0,2032,2859,0,0,0,0,2872,4534,0,8940,13038,0,45015,58288,0,17868,28298,0,8735,14416
2,1995,104,'950341020',108,,KG,0,3609,7888,0,200,495,0,0,0,0,0,0,0,0,0,0,0,0,0,0,0,0,0,0,0,731,1035,0,207,347,0,565,1156,0,1906,4855,0,0,0
2,1995,104,'950341020',118,,KG,0,3388,3545,0,3388,3545,0,0,0,0,0,0,0,0,0,0,0,0,0,0,0,0,0,0,0,0,0,0,0,0,0,0,0,0,0,0,0,0,0
2,1995,104,'950341020',205,,KG,0,1,15758,0,0,0,0,0,0,0,0,0,0,1,15758,0,0,0,0,0,0,0,0,0,0,0,0,0,0,0,0,0,0,0,0,0,0,0,0
2,1995,104,'950341020',213,,KG,0,220,1135,0,0,0,0,0,0,0,0,0,0,50,325,0,0,0,0,0,0,0,0,0,0,170,810,0,0,0,0,0,0,0,0,0,0,0,0
2,1995,104,'950341020',302,,KG,0,70,324,0,0,0,0,0,0,0,0,0,0,0,0,0,0,0,0,0,0,0,0,0,0,0,0,0,0,0,0,0,0,0,70,324,0,0,0
2,1995,104,'950341020',304,,KG,0,110,248,0,110,248,0,0,0,0,0,0,0,0,0,0,0,0,0,0,0,0,0,0,0,0,0,0,0,0,0,0,0,0,0,0,0,0,0
2,1995,104,'950341020',606,,KG,0,33,1630,0,0,0,0,16,204,0,0,0,0,0,0,0,0,0,0,0,0,0,0,0,0,17,1426,0,0,0,0,0,0,0,0,0,0,0,0
2,1995,104,'950349011',304,DZ,KG,80,14,488,0,0,0,0,0,0,0,0,0,0,0,0,0,0,0,0,0,0,80,14,488,0,0,0,0,0,0,0,0,0,0,0,0,0,0,0
2,1995,104,'950349012',205,DZ,KG,24,53,498,0,0,0,0,0,0,24,50,265,0,0,0,0,0,0,0,0,0,0,0,0,0,0,0,0,0,0,0,3,233,0,0,0,0,0,0
2,1995,104,'950349012',207,DZ,KG,0,24,453,0,0,0,0,0,0,0,0,0,0,0,0,0,0,0,0,0,0,0,0,0,0,0,0,0,0,0,0,0,0,0,0,0,0,24,453
2,1995,104,'950349012',210,DZ,KG,0,0,301,0,0,0,0,0,0,0,0,301,0,0,0,0,0,0,0,0,0,0,0,0,0,0,0,0,0,0,0,0,0,0,0,0,0,0,0
2,1995,104,'950349012',220,DZ,KG,318,585,7198,0,0,0,0,0,0,31,37,585,0,0,0,35,80,830,0,0,0,0,0,0,0,0,0,23,130,1018,150,244,3380,40,38,646,39,56,739
2,1995,104,'950349019',103,DZ,KG,9401,4802,7387,0,0,0,0,0,0,0,0,0,0,0,0,0,0,0,0,0,0,0,0,0,0,0,0,500,276,972,8901,4526,6415,0,0,0,0,0,0
2,1995,104,'950349019',105,DZ,KG,568839,74606,114627,31219,3378,5042,43627,4753,6993,68329,6520,9940,111125,14522,23721,30280,3851,4110,37659,4739,5298,47800,6636,7671,10586,1976,2785,79777,11348,20860,82646,11004,16014,22478,4517,8734,3313,1362,3459
2,1995,104,'950349019',106,DZ,KG,1757,2193,6400,0,0,0,0,0,0,0,0,0,0,0,0,0,0,0,0,0,0,0,0,0,0,0,0,0,0,0,0,0,0,807,2148,6097,950,45,303
2,1995,104,'950349019',108,DZ,KG,9085,1114,2441,0,0,0,0,0,0,0,0,0,0,0,0,8833,874,1976,0,0,0,0,0,0,0,0,0,252,240,465,0,0,0,0,0,0,0,0,0
2,1995,104,'950349019',205,DZ,KG,67,48,593,9,18,312,0,0,0,0,0,0,0,0,0,0,0,0,0,0,0,0,0,0,0,0,0,0,0,0,0,0,0,0,0,0,58,30,281
2,1995,104,'950349019',304,DZ,KG,46,81,1339,0,0,0,0,0,0,0,0,0,0,0,0,0,0,0,0,0,0,0,0,0,0,0,0,0,0,0,46,81,1339,0,0,0,0,0,0
2,1995,104,'950349020',105,,KG,0,1340,2312,0,0,0,0,0,0,0,0,0,0,0,0,0,0,0,0,0,0,0,0,0,0,0,0,0,0,0,0,0,0,0,0,0,0,1340,2312
2,1995,104,'950349020',111,,KG,0,426,1129,0,0,0,0,0,0,0,0,0,0,0,0,0,0,0,0,360,913,0,0,0,0,66,216,0,0,0,0,0,0,0,0,0,0,0,0
2,1995,104,'950349020',246,,KG,0,97,268,0,0,0,0,0,0,0,0,0,0,0,0,0,0,0,0,0,0,0,0,0,0,0,0,0,0,0,0,0,0,0,97,268,0,0,0
2,1995,104,'950360010',105,DZ,KG,2720,8330,26228,0,0,0,0,0,0,0,0,0,0,0,0,840,1330,500,0,0,0,0,0,0,0,0,0,0,0,0,0,0,0,0,0,0,1880,7000,25728
2,1995,104,'950360020',213,DZ,KG,74,450,1128,0,0,0,0,0,0,0,0,0,0,0,0,0,0,0,0,0,0,0,0,0,74,450,1128,0,0,0,0,0,0,0,0,0,0,0,0
2,1995,104,'950370010',103,DZ,KG,13749,4290,23960,0,0,0,0,0,0,0,0,0,0,0,0,0,0,0,0,0,0,0,0,0,0,0,0,0,0,0,7750,2418,13457,5999,1872,10503,0,0,0
2,1995,104,'950370010',105,DZ,KG,5113,4146,5203,0,0,0,0,0,0,375,378,463,0,0,0,0,0,0,0,0,0,2172,2812,3049,0,0,0,1666,680,1014,900,276,677,0,0,0,0,0,0
2,1995,104,'950370010',106,DZ,KG,166,260,472,0,0,0,0,0,0,0,0,0,0,0,0,0,0,0,166,260,472,0,0,0,0,0,0,0,0,0,0,0,0,0,0,0,0,0,0
2,1995,104,'950370010',108,DZ,KG,84,235,211,0,0,0,0,0,0,0,0,0,0,0,0,0,0,0,0,0,0,0,0,0,0,0,0,0,0,0,0,0,0,0,0,0,84,235,211
2,1995,104,'950380011',105,DZ,KG,167,1085,1900,0,0,0,0,0,0,0,0,0,0,0,0,0,0,0,0,0,0,0,0,0,0,0,0,0,0,0,0,0,0,0,0,0,167,1085,1900
2,1995,104,'950380012',108,DZ,KG,437,98,2846,0,0,0,0,0,0,0,0,0,0,0,0,0,0,0,0,0,0,0,0,0,0,0,0,0,0,0,0,0,0,0,0,0,437,98,2846
2,1995,104,'950380012',205,DZ,KG,0,820,4870,0,0,0,0,0,0,0,0,0,0,0,0,0,0,0,0,0,0,0,0,0,0,0,0,0,820,4870,0,0,0,0,0,0,0,0,0
2,1995,104,'950380012',304,DZ,KG,0,145,1824,0,0,0,0,0,0,0,0,0,0,0,0,0,0,0,0,0,0,0,0,0,0,145,1824,0,0,0,0,0,0,0,0,0,0,0,0
2,1995,104,'950380019',105,DZ,KG,15366,29476,33772,0,0,0,0,0,0,0,0,0,0,0,0,323,1440,1053,0,0,0,5433,19119,20871,873,1648,1489,4,240,319,210,3978,5210,2575,2189,3492,5948,862,1338
2,1995,104,'950380019',108,DZ,KG,406,2881,5474,0,0,0,0,0,0,0,0,0,0,0,0,0,0,0,0,0,0,0,0,0,0,0,0,0,0,0,0,0,0,84,855,931,322,2026,4543
2,1995,104,'950380019',112,DZ,KG,167,3100,5519,0,0,0,0,0,0,0,0,0,0,0,0,0,0,0,167,3100,5519,0,0,0,0,0,0,0,0,0,0,0,0,0,0,0,0,0,0
2,1995,104,'950380019',113,DZ,KG,5910,8153,14730,0,0,0,0,0,0,0,0,0,0,0,0,0,0,0,0,0,0,0,0,0,0,0,0,0,0,0,0,0,0,5910,8153,14730,0,0,0
2,1995,104,'950380019',220,DZ,KG,557,420,9838,0,0,0,0,0,0,557,420,9838,0,0,0,0,0,0,0,0,0,0,0,0,0,0,0,0,0,0,0,0,0,0,0,0,0,0,0
2,1995,104,'950380019',304,DZ,KG,2355,380,1718,0,0,0,0,0,0,0,0,0,0,0,0,0,0,0,0,0,0,0,0,0,2355,380,1718,0,0,0,0,0,0,0,0,0,0,0,0
2,1995,104,'950380020',105,DZ,KG,3399,5689,9762,0,0,0,0,0,0,0,0,0,0,0,0,0,0,0,0,0,0,0,0,0,0,0,0,0,0,0,0,0,0,2643,4310,7322,756,1379,2440
2,1995,104,'950380020',304,DZ,KG,825,418,5075,0,0,0,0,0,0,0,0,0,0,0,0,0,0,0,0,0,0,0,0,0,344,180,1591,0,0,0,1,13,249,0,0,0,480,225,3235
2,1995,104,'950390011',105,DZ,KG,1341,5144,6438,1041,975,928,0,0,0,50,569,975,0,0,0,250,3600,4535,0,0,0,0,0,0,0,0,0,0,0,0,0,0,0,0,0,0,0,0,0
2,1995,104,'950390011',117,DZ,KG,79,151,975,79,151,975,0,0,0,0,0,0,0,0,0,0,0,0,0,0,0,0,0,0,0,0,0,0,0,0,0,0,0,0,0,0,0,0,0
2,1995,104,'950390012',105,DZ,KG,433,3167,2737,0,0,0,0,0,0,0,0,0,0,0,0,0,0,0,82,492,388,168,1008,826,0,0,0,0,0,0,183,1667,1523,0,0,0,0,0,0
2,1995,104,'950390012',106,DZ,KG,4583,380,3922,0,0,0,0,0,0,0,0,0,2083,190,1770,2500,190,2152,0,0,0,0,0,0,0,0,0,0,0,0,0,0,0,0,0,0,0,0,0
2,1995,104,'950390012',205,DZ,KG,239,439,3416,0,4,310,0,0,0,0,0,0,235,400,744,0,0,0,0,8,961,0,0,0,0,4,245,0,0,0,1,13,778,3,10,378,0,0,0
2,1995,104,'950390012',210,DZ,KG,0,10,684,0,0,0,0,0,0,0,0,0,0,0,0,0,0,0,0,0,0,0,0,0,0,0,0,0,10,684,0,0,0,0,0,0,0,0,0
2,1995,104,'950390012',213,DZ,KG,938,1177,9428,457,566,5372,186,246,1597,196,117,376,77,218,1833,0,0,0,0,0,0,0,0,0,0,0,0,0,0,0,0,0,0,22,30,250,0,0,0
2,1995,104,'950390012',217,DZ,KG,991,1941,10690,0,0,0,0,0,0,0,0,0,0,0,0,0,0,0,0,0,0,0,0,0,0,0,0,0,0,0,573,1029,6319,0,0,0,418,912,4371
2,1995,104,'950390012',220,DZ,KG,54,390,1266,0,0,0,0,0,0,0,0,0,0,0,0,0,0,0,0,0,0,0,0,0,54,390,1266,0,0,0,0,0,0,0,0,0,0,0,0
2,1995,104,'950390012',304,DZ,KG,43,438,3726,21,28,209,0,0,0,1,4,581,0,234,1913,0,2,670,0,0,0,0,0,0,0,0,0,0,0,0,0,0,0,21,170,353,0,0,0
2,1995,104,'950390019',103,DZ,KG,40416,3969,7580,0,0,0,0,0,0,0,0,0,0,0,0,0,0,0,0,0,0,30000,2860,4816,0,0,0,0,0,0,0,0,0,0,0,0,10416,1109,2764
2,1995,104,'950390019',105,DZ,KG,236897,166307,293903,0,0,0,4094,1026,4070,5915,9390,23514,22774,7232,17446,7717,10431,8442,2349,4294,4554,19919,17584,20663,25207,26240,21699,74724,43295,80745,19214,13696,23325,11404,16543,39460,43580,16576,49985
2,1995,104,'950390019',106,DZ,KG,11807,6833,9822,0,0,0,0,0,0,300,1080,996,1998,721,1073,2183,3130,3765,3323,925,2007,833,376,616,1680,386,1009,0,0,0,0,0,0,0,0,0,1490,215,356
2,1995,104,'950390019',108,DZ,KG,32912,21159,28505,0,0,0,0,0,0,0,0,0,1638,2844,6004,559,998,1867,0,0,0,0,0,0,0,0,0,233,1729,1686,4830,2120,2463,24642,11068,14028,1010,2400,2457
2,1995,104,'950390019',111,DZ,KG,1262,19173,18527,0,0,0,0,0,0,0,0,0,0,0,0,0,0,0,285,2935,2604,733,14670,13683,100,1360,1894,144,208,346,0,0,0,0,0,0,0,0,0
2,1995,104,'950390019',205,DZ,KG,1,12,266,0,0,0,0,0,0,0,0,0,0,0,0,0,0,0,0,0,0,0,0,0,1,12,266,0,0,0,0,0,0,0,0,0,0,0,0
2,1995,104,'950390019',213,DZ,KG,700,524,4279,0,0,0,385,165,1598,0,0,0,12,15,275,34,80,1112,244,214,1069,0,0,0,0,0,0,0,0,0,0,0,0,0,0,0,25,50,225
2,1995,104,'950390019',215,DZ,KG,0,5,221,0,0,0,0,0,0,0,0,0,0,0,0,0,5,221,0,0,0,0,0,0,0,0,0,0,0,0,0,0,0,0,0,0,0,0,0
2,1995,104,'950390019',218,DZ,KG,7650,6052,20455,0,0,0,0,0,0,0,0,0,0,0,0,0,0,0,0,0,0,0,0,0,0,0,0,0,0,0,3484,3124,15875,4166,2928,4580,0,0,0
2,1995,104,'950390019',304,DZ,KG,944,568,3386,0,0,0,0,0,0,8,70,327,416,60,206,0,0,0,0,0,0,157,152,1034,333,24,793,0,0,0,0,5,463,30,257,563,0,0,0
2,1995,104,'950390019',601,DZ,KG,14,15,258,0,0,0,14,15,258,0,0,0,0,0,0,0,0,0,0,0,0,0,0,0,0,0,0,0,0,0,0,0,0,0,0,0,0,0,0
2,1995,104,'950390020',105,,KG,0,12189,28757,0,3186,7517,0,0,0,0,0,0,0,0,0,0,0,0,0,0,0,0,5881,14710,0,20,335,0,2752,5265,0,0,0,0,0,0,0,350,930
2,1995,104,'950390020',108,,KG,0,239,1823,0,0,0,0,0,0,0,0,0,0,0,0,0,0,0,0,0,0,0,0,0,0,239,1823,0,0,0,0,0,0,0,0,0,0,0,0
2,1995,104,'950390020',205,,KG,0,37,691,0,0,0,0,0,0,0,0,0,0,13,213,0,0,0,0,0,0,0,0,0,0,24,478,0,0,0,0,0,0,0,0,0,0,0,0
2,1995,104,'950390020',210,,KG,0,103,487,0,0,0,0,0,0,0,18,201,0,0,0,0,0,0,0,0,0,0,0,0,0,0,0,0,0,0,0,0,0,0,85,286,0,0,0
2,1995,104,'950390020',213,,KG,0,840,4469,0,0,0,0,0,0,0,0,0,0,0,0,0,0,0,0,0,0,0,0,0,0,0,0,0,0,0,0,840,4469,0,0,0,0,0,0
2,1995,104,'950390020',304,,KG,0,160,903,0,0,0,0,0,0,0,0,0,0,0,0,0,0,0,0,0,0,0,0,0,0,0,0,0,0,0,0,8,208,0,152,695,0,0,0
2,1995,104,'950390020',601,,KG,0,1200,2589,0,0,0,0,0,0,0,0,0,0,0,0,0,0,0,0,0,0,0,0,0,0,0,0,0,0,0,0,0,0,0,1200,2589,0,0,0
2,1995,104,'950390020',606,,KG,0,50,532,0,0,0,0,0,0,0,0,0,0,50,532,0,0,0,0,0,0,0,0,0,0,0,0,0,0,0,0,0,0,0,0,0,0,0,0
2,1995,104,'950410000',105,,KG,0,100974,215525,0,0,0,0,0,0,0,0,0,0,0,0,0,0,0,0,0,0,0,0,0,0,0,0,0,400,279,0,3450,2552,0,53371,109124,0,43753,103570
2,1995,104,'950410000',106,,KG,0,6776,7002,0,6747,6763,0,0,0,0,0,0,0,0,0,0,0,0,0,0,0,0,0,0,0,0,0,0,0,0,0,0,0,0,0,0,0,29,239
2,1995,104,'950410000',108,,KG,0,20392,46694,0,0,0,0,0,0,0,0,0,0,0,0,0,0,0,0,0,0,0,0,0,0,10,1945,0,8,221,0,0,0,0,18144,31865,0,2230,12663
2,1995,104,'950410000',112,,KG,0,42200,553148,0,0,0,0,0,0,0,0,0,0,0,0,0,0,0,0,0,0,0,0,0,0,1800,27180,0,6600,99707,0,10200,128610,0,10200,128659,0,13400,168992
2,1995,104,'950410000',113,,KG,0,80812,239921,0,6221,20365,0,6776,21529,0,43311,128897,0,1900,10211,0,0,0,0,0,0,0,8997,21403,0,5660,12590,0,0,0,0,35,728,0,7912,24198,0,0,0
2,1995,104,'950410000',205,,KG,0,77,3554,0,0,0,0,0,0,0,21,682,0,16,791,0,0,0,0,0,0,0,16,595,0,2,286,0,5,206,0,0,0,0,6,219,0,11,775
2,1995,104,'950410000',210,,KG,0,10,536,0,0,0,0,0,0,0,0,0,0,0,0,0,0,0,0,0,0,0,0,0,0,0,0,0,0,0,0,10,536,0,0,0,0,0,0
2,1995,104,'950410000',302,,KG,0,560,289,0,0,0,0,0,0,0,0,0,0,0,0,0,0,0,0,0,0,0,560,289,0,0,0,0,0,0,0,0,0,0,0,0,0,0,0
2,1995,104,'950410000',304,,KG,0,2429,27661,0,103,2016,0,9,202,0,46,816,0,12,415,0,56,821,0,450,14240,0,10,848,0,276,3017,0,20,608,0,0,0,0,2,266,0,1445,4412
2,1995,104,'950410000',305,,KG,0,578,5186,0,0,0,0,320,3040,0,0,0,0,0,0,0,0,0,0,0,0,0,0,0,0,258,2146,0,0,0,0,0,0,0,0,0,0,0,0
2,1995,104,'950420000',105,,KG,0,76,409,0,0,0,0,0,0,0,0,0,0,0,0,0,0,0,0,0,0,0,0,0,0,0,0,0,0,0,0,0,0,0,0,0,0,76,409
2,1995,104,'950420000',304,,KG,0,93,1387,0,12,669,0,0,0,0,0,0,0,0,0,0,0,0,0,0,0,0,0,0,0,0,0,0,0,0,0,9,239,0,72,479,0,0,0
2,1995,104,'950430000',106,,KG,0,2402,5806,0,0,0,0,0,0,0,0,0,0,2,604,0,0,0,0,0,0,0,0,0,0,0,0,0,0,0,0,0,0,0,0,0,0,2400,5202
2,1995,104,'950430000',205,,KG,0,58,1038,0,0,0,0,15,502,0,35,248,0,0,0,0,0,0,0,0,0,0,8,288,0,0,0,0,0,0,0,0,0,0,0,0,0,0,0
2,1995,104,'950430000',208,,KG,0,12,443,0,0,0,0,0,0,0,0,0,0,0,0,0,0,0,0,12,443,0,0,0,0,0,0,0,0,0,0,0,0,0,0,0,0,0,0
2,1995,104,'950430000',304,,KG,0,1107,7862,0,0,0,0,31,1897,0,0,0,0,15,709,0,12,373,0,183,921,0,836,3633,0,0,0,0,30,329,0,0,0,0,0,0,0,0,0
2,1995,104,'950440000',205,,KG,0,1280,12512,0,0,0,0,0,0,0,0,0,0,0,0,0,0,0,0,0,0,0,0,0,0,0,0,0,0,0,0,0,0,0,1280,12512,0,0,0
2,1995,104,'950440000',304,,KG,0,55242,91958,0,9580,16843,0,8261,14451,0,11889,19466,0,2972,4534,0,5944,8952,0,2972,4444,0,6004,9085,0,0,0,0,0,0,0,7620,14183,0,0,0,0,0,0
2,1995,104,'950490010',105,,KG,0,8240,6466,0,0,0,0,0,0,0,0,0,0,0,0,0,0,0,0,0,0,0,0,0,0,0,0,0,0,0,0,780,948,0,0,0,0,7460,5518
2,1995,104,'950490010',123,,KG,0,68,296,0,0,0,0,0,0,0,0,0,0,0,0,0,0,0,0,0,0,0,0,0,0,0,0,0,68,296,0,0,0,0,0,0,0,0,0
2,1995,104,'950490010',205,,KG,0,90,1783,0,0,0,0,0,0,0,0,0,0,20,382,0,0,0,0,0,0,0,0,0,0,0,0,0,0,0,0,70,1401,0,0,0,0,0,0
2,1995,104,'950490010',304,,KG,0,1378,5597,0,0,0,0,0,0,0,0,0,0,120,545,0,0,0,0,0,0,0,132,705,0,0,0,0,217,1171,0,148,1135,0,761,2041,0,0,0
2,1995,104,'950490020',304,,NO,0,318,3813,0,0,0,0,0,0,0,165,1883,0,0,0,0,61,682,0,0,0,0,0,0,0,0,0,0,0,0,0,0,0,0,0,0,0,92,1248
2,1995,104,'950490090',103,,KG,0,445,8037,0,0,0,0,0,0,0,0,0,0,0,0,0,0,0,0,0,0,0,0,0,0,0,0,0,0,0,0,0,0,0,158,2856,0,287,5181
2,1995,104,'950490090',105,,KG,0,6802,14231,0,0,0,0,0,0,0,910,6643,0,0,0,0,0,0,0,0,0,0,3172,2162,0,0,0,0,670,536,0,0,0,0,1300,3971,0,750,919
2,1995,104,'950490090',106,,KG,0,1106,3633,0,0,0,0,0,0,0,0,0,0,0,0,0,0,0,0,0,0,0,546,3357,0,0,0,0,0,0,0,0,0,0,0,0,0,560,276
2,1995,104,'950490090',108,,KG,0,3486,6394,0,0,0,0,0,0,0,0,0,0,0,0,0,3486,6394,0,0,0,0,0,0,0,0,0,0,0,0,0,0,0,0,0,0,0,0,0
2,1995,104,'950490090',205,,KG,0,5,232,0,0,0,0,0,0,0,0,0,0,0,0,0,0,0,0,0,0,0,0,0,0,0,0,0,5,232,0,0,0,0,0,0,0,0,0
2,1995,104,'950490090',215,,KG,0,1,216,0,0,0,0,0,0,0,0,0,0,0,0,0,0,0,0,0,0,0,0,0,0,0,0,0,0,0,0,1,216,0,0,0,0,0,0
2,1995,104,'950490090',302,,KG,0,16,575,0,0,0,0,0,0,0,0,0,0,16,575,0,0,0,0,0,0,0,0,0,0,0,0,0,0,0,0,0,0,0,0,0,0,0,0
2,1995,104,'950490090',304,,KG,0,2289,9637,0,0,0,0,0,0,0,143,807,0,28,957,0,0,0,0,68,653,0,954,1027,0,28,1322,0,5,967,0,55,533,0,342,1305,0,666,2066
2,1995,104,'950490090',601,,KG,0,772,1148,0,0,0,0,0,0,0,0,0,0,0,0,0,0,0,0,0,0,0,0,0,0,0,0,0,272,609,0,500,539,0,0,0,0,0,0
2,1995,104,'950510000',103,,KG,0,250,593,0,0,0,0,0,0,0,0,0,0,0,0,0,0,0,0,0,0,0,0,0,0,0,0,0,0,0,0,0,0,0,250,593,0,0,0
2,1995,104,'950510000',105,,KG,0,5796,11393,0,0,0,0,0,0,0,0,0,0,0,0,0,0,0,0,80,299,0,0,0,0,0,0,0,0,0,0,3413,6866,0,208,584,0,2095,3644
2,1995,104,'950510000',106,,KG,0,500,1500,0,0,0,0,0,0,0,0,0,0,0,0,0,0,0,0,0,0,0,0,0,0,0,0,0,0,0,0,0,0,0,500,1500,0,0,0
2,1995,104,'950510000',108,,KG,0,850,1744,0,0,0,0,0,0,0,0,0,0,0,0,0,0,0,0,0,0,0,0,0,0,0,0,0,0,0,0,0,0,0,850,1744,0,0,0
2,1995,104,'950510000',205,,KG,0,744,499,0,0,0,0,0,0,0,0,0,0,0,0,0,0,0,0,0,0,0,0,0,0,0,0,0,0,0,0,744,499,0,0,0,0,0,0
2,1995,104,'950510000',213,,KG,0,30,583,0,0,0,0,0,0,0,0,0,0,0,0,0,0,0,0,0,0,0,0,0,0,0,0,0,0,0,0,0,0,0,30,583,0,0,0
2,1995,104,'950510000',304,,KG,0,1610,8466,0,0,0,0,0,0,0,0,0,0,0,0,0,0,0,0,0,0,0,0,0,0,0,0,0,400,832,0,100,384,0,1110,7250,0,0,0
2,1995,104,'950510000',601,,KG,0,58,408,0,0,0,0,0,0,0,0,0,0,0,0,0,0,0,0,0,0,0,0,0,0,0,0,0,0,0,0,0,0,0,58,408,0,0,0
2,1995,104,'950590000',218,,KG,0,25,303,0,0,0,0,0,0,0,0,0,0,0,0,0,0,0,0,0,0,0,25,303,0,0,0,0,0,0,0,0,0,0,0,0,0,0,0
2,1995,104,'950590000',304,,KG,0,771,23672,0,6,1301,0,0,0,0,439,16396,0,0,0,0,9,1562,0,18,856,0,0,0,0,0,0,0,0,0,0,217,1042,0,70,1927,0,12,588
2,1995,104,'950611000',210,ST,KG,5858,23495,171926,357,1241,9662,228,829,5337,31,135,665,70,261,2101,165,672,4253,0,0,0,87,353,2788,25,103,649,1417,6200,40647,1460,4910,53955,469,1903,11206,1549,6888,40663
2,1995,104,'950611000',213,ST,KG,180,207,1233,0,0,0,0,0,0,0,0,0,0,0,0,0,0,0,0,0,0,0,0,0,0,0,0,0,0,0,180,207,1233,0,0,0,0,0,0
2,1995,104,'950611000',218,ST,KG,20,60,368,0,0,0,0,0,0,0,0,0,0,0,0,0,0,0,0,0,0,0,0,0,0,0,0,0,0,0,0,0,0,0,0,0,20,60,368
2,1995,104,'950611000',220,ST,KG,267,1113,6275,25,25,269,0,0,0,0,0,0,0,0,0,0,0,0,0,0,0,0,0,0,0,0,0,120,600,3702,0,0,0,122,488,2304,0,0,0
2,1995,104,'950611000',225,ST,KG,7931,17810,79999,859,2434,15537,439,1523,8649,298,1085,5136,0,0,0,0,0,0,977,1273,7460,0,0,0,0,0,0,11,33,330,2120,3859,11328,2165,5138,19285,1062,2465,12274
2,1995,104,'950611000',242,ST,KG,85,255,2088,0,0,0,0,0,0,0,0,0,0,0,0,0,0,0,0,0,0,0,0,0,0,0,0,0,0,0,85,255,2088,0,0,0,0,0,0
2,1995,104,'950611000',304,ST,KG,1631,6125,30835,0,0,0,53,145,1093,0,0,0,0,0,0,0,0,0,0,0,0,0,0,0,5,12,217,33,100,1153,677,2691,11074,194,561,5829,669,2616,11469
2,1995,104,'950611000',621,ST,KG,97,275,993,0,0,0,97,275,993,0,0,0,0,0,0,0,0,0,0,0,0,0,0,0,0,0,0,0,0,0,0,0,0,0,0,0,0,0,0
2,1995,104,'950612000',106,,KG,0,1417,4251,0,0,0,0,0,0,0,0,0,0,0,0,0,0,0,0,0,0,0,0,0,0,0,0,0,0,0,0,1417,4251,0,0,0,0,0,0
2,1995,104,'950612000',210,,KG,0,7736,35900,0,792,1902,0,0,0,0,0,0,0,0,0,0,0,0,0,0,0,0,0,0,0,0,0,0,2150,15547,0,1683,6436,0,572,2387,0,2539,9628
2,1995,104,'950612000',213,,KG,0,4750,22590,0,0,0,0,0,0,0,0,0,0,0,0,0,0,0,0,850,3496,0,0,0,0,0,0,0,960,6025,0,2940,13069,0,0,0,0,0,0
2,1995,104,'950612000',220,,KG,0,97,1414,0,0,0,0,0,0,0,0,0,0,0,0,0,0,0,0,0,0,0,0,0,0,0,0,0,67,1062,0,0,0,0,30,352,0,0,0
2,1995,104,'950612000',225,,KG,0,1476,7079,0,233,1188,0,0,0,0,0,0,0,0,0,0,0,0,0,0,0,0,0,0,0,0,0,0,0,0,0,0,0,0,700,2926,0,543,2965
2,1995,104,'950612000',304,,KG,0,85,632,0,0,0,0,0,0,0,0,0,0,0,0,0,0,0,0,0,0,0,0,0,0,0,0,0,30,282,0,0,0,0,55,350,0,0,0
2,1995,104,'950619000',106,,KG,0,14,346,0,0,0,0,0,0,0,0,0,0,0,0,0,0,0,0,0,0,0,0,0,0,14,346,0,0,0,0,0,0,0,0,0,0,0,0
2,1995,104,'950619000',210,,KG,0,2140,8627,0,0,0,0,0,0,0,150,423,0,0,0,0,0,0,0,0,0,0,0,0,0,0,0,0,170,941,0,519,1162,0,194,1976,0,1107,4125
2,1995,104,'950619000',215,,KG,0,203,1703,0,0,0,0,0,0,0,0,0,0,0,0,0,0,0,0,0,0,0,0,0,0,0,0,0,53,336,0,150,1367,0,0,0,0,0,0
2,1995,104,'950619000',220,,KG,0,150,1023,0,0,0,0,0,0,0,0,0,0,0,0,0,0,0,0,0,0,0,0,0,0,0,0,0,0,0,0,0,0,0,150,1023,0,0,0
2,1995,104,'950619000',225,,KG,0,40,328,0,0,0,0,0,0,0,0,0,0,0,0,0,0,0,0,0,0,0,0,0,0,0,0,0,0,0,0,40,328,0,0,0,0,0,0
2,1995,104,'950619000',302,,KG,0,90,771,0,0,0,0,0,0,0,0,0,0,0,0,0,0,0,0,0,0,0,0,0,0,0,0,0,0,0,0,0,0,0,0,0,0,90,771
2,1995,104,'950619000',304,,KG,0,4131,37026,0,8,228,0,0,0,0,9,244,0,0,0,0,0,0,0,0,0,0,0,0,0,60,203,0,428,3634,0,3286,29084,0,280,2766,0,60,867
2,1995,104,'950619000',601,,KG,0,16,207,0,0,0,0,0,0,0,0,0,0,0,0,0,0,0,0,0,0,0,0,0,0,0,0,0,0,0,0,0,0,0,16,207,0,0,0
2,1995,104,'950621000',125,NO,KG,284,1075,6089,0,0,0,0,0,0,0,0,0,0,0,0,0,0,0,0,0,0,0,0,0,0,0,0,0,0,0,284,1075,6089,0,0,0,0,0,0
2,1995,104,'950621000',213,NO,KG,85,162,1465,0,0,0,0,0,0,0,0,0,0,0,0,0,0,0,0,0,0,0,0,0,0,0,0,0,0,0,0,0,0,85,162,1465,0,0,0
2,1995,104,'950621000',606,NO,KG,7,42,823,0,0,0,0,0,0,0,0,0,0,0,0,0,0,0,0,0,0,0,0,0,0,0,0,0,0,0,0,0,0,0,0,0,7,42,823
2,1995,104,'950629000',113,NO,KG,612,850,531,0,0,0,0,0,0,0,0,0,0,0,0,0,0,0,612,850,531,0,0,0,0,0,0,0,0,0,0,0,0,0,0,0,0,0,0
2,1995,104,'950629000',205,NO,KG,51,220,1402,0,0,0,0,0,0,0,0,0,0,0,0,0,0,0,0,0,0,0,0,0,51,220,1402,0,0,0,0,0,0,0,0,0,0,0,0
2,1995,104,'950629000',210,NO,KG,9,27,557,0,0,0,0,0,0,0,0,0,0,0,0,0,0,0,0,0,0,0,0,0,0,0,0,0,0,0,0,0,0,0,0,0,9,27,557
2,1995,104,'950629000',304,NO,KG,12006,9622,35945,3,15,228,16,80,695,0,0,0,10,45,372,21,45,553,1684,2509,10049,3673,4888,12360,5040,1139,4917,453,194,1336,556,262,2097,10,30,809,540,415,2529
2,1995,104,'950629000',410,NO,KG,2200,3520,3751,0,0,0,0,0,0,0,0,0,0,0,0,0,0,0,2200,3520,3751,0,0,0,0,0,0,0,0,0,0,0,0,0,0,0,0,0,0
2,1995,104,'950629000',601,NO,KG,862,2685,17461,27,159,1450,47,205,1983,80,255,1898,84,55,793,26,163,1313,102,611,1984,173,507,2249,109,411,3239,172,169,1140,40,140,1187,0,0,0,2,10,225
2,1995,104,'950631000',103,NO,KG,40,23,1005,0,0,0,0,0,0,0,0,0,0,0,0,0,0,0,0,0,0,0,0,0,0,0,0,40,23,1005,0,0,0,0,0,0,0,0,0
2,1995,104,'950631000',105,NO,KG,67609,32841,114847,445,230,1025,6490,3095,9283,3220,1445,4508,6350,3075,9087,12086,8153,25042,5140,2300,7771,9456,4100,14212,0,0,0,3230,1412,5970,14712,6160,27076,0,0,0,6480,2871,10873
2,1995,104,'950631000',106,NO,KG,20051,8601,43029,0,0,0,1216,541,2140,4025,1735,6620,8484,3647,19404,1588,701,1675,0,0,0,0,0,0,0,0,0,700,294,2438,160,64,264,60,12,611,3818,1607,9877
2,1995,104,'950631000',108,NO,KG,10,4,513,0,0,0,0,0,0,0,0,0,0,0,0,0,0,0,0,0,0,0,0,0,0,0,0,10,4,513,0,0,0,0,0,0,0,0,0
2,1995,104,'950631000',112,NO,KG,195,80,2362,0,0,0,0,0,0,0,0,0,0,0,0,0,0,0,0,0,0,0,0,0,0,0,0,0,0,0,195,80,2362,0,0,0,0,0,0
2,1995,104,'950631000',113,NO,KG,14,12,276,0,0,0,0,0,0,0,0,0,0,0,0,0,0,0,0,0,0,0,0,0,0,0,0,14,12,276,0,0,0,0,0,0,0,0,0
2,1995,104,'950631000',205,NO,KG,124,102,2880,0,0,0,0,0,0,0,0,0,40,26,264,15,30,302,30,24,793,0,0,0,39,22,1521,0,0,0,0,0,0,0,0,0,0,0,0
2,1995,104,'950631000',304,NO,KG,77131,40144,651063,126,62,1718,10694,5618,58129,2912,1456,29209,892,1102,23064,7148,3424,64764,15123,6765,96991,4871,2641,67820,4810,2185,41801,6790,3768,68779,11120,5451,89910,5219,3429,49322,7426,4243,59556
2,1995,104,'950631000',601,NO,KG,595,213,3163,0,0,0,4,1,210,0,0,0,0,0,0,0,0,0,51,16,588,490,172,2143,0,0,0,50,24,222,0,0,0,0,0,0,0,0,0
2,1995,104,'950631000',606,NO,KG,10,11,204,0,0,0,0,0,0,10,11,204,0,0,0,0,0,0,0,0,0,0,0,0,0,0,0,0,0,0,0,0,0,0,0,0,0,0,0
2,1995,104,'950632000',103,,DZ,0,2500,1401,0,0,0,0,0,0,0,0,0,0,0,0,0,0,0,0,0,0,0,0,0,0,0,0,0,2500,1401,0,0,0,0,0,0,0,0,0
2,1995,104,'950632000',113,,DZ,0,601,234,0,0,0,0,0,0,0,0,0,0,0,0,0,0,0,0,0,0,0,0,0,0,0,0,0,0,0,0,601,234,0,0,0,0,0,0
2,1995,104,'950632000',118,,DZ,0,105,225,0,0,0,0,0,0,0,0,0,0,0,0,0,0,0,0,0,0,0,0,0,0,0,0,0,0,0,0,105,225,0,0,0,0,0,0
2,1995,104,'950632000',203,,DZ,0,12,238,0,0,0,0,0,0,0,0,0,0,12,238,0,0,0,0,0,0,0,0,0,0,0,0,0,0,0,0,0,0,0,0,0,0,0,0
2,1995,104,'950632000',304,,DZ,0,47968,42189,0,250,775,0,278,751,0,2566,1944,0,13060,8758,0,26772,19200,0,1205,2563,0,1899,2862,0,600,1096,0,535,2121,0,259,697,0,300,1002,0,244,420
2,1995,104,'950632000',601,,DZ,0,45,320,0,0,0,0,0,0,0,0,0,0,0,0,0,0,0,0,0,0,0,0,0,0,0,0,0,0,0,0,0,0,0,45,320,0,0,0
2,1995,104,'950639000',103,,KG,0,97,2542,0,0,0,0,0,0,0,0,0,0,0,0,0,13,204,0,0,0,0,0,0,0,0,0,0,0,0,0,0,0,0,28,1207,0,56,1131
2,1995,104,'950639000',105,,KG,0,11539,63649,0,1815,5591,0,0,0,0,382,877,0,760,3323,0,2680,11292,0,250,767,0,1300,5378,0,0,0,0,1531,5828,0,1222,10728,0,0,0,0,1599,19865
2,1995,104,'950639000',106,,KG,0,31932,206078,0,221,2884,0,635,3689,0,3054,12910,0,2148,4516,0,431,5326,0,2103,21233,0,1508,14553,0,3135,13946,0,4256,24582,0,4943,31097,0,5558,30981,0,3940,40361
2,1995,104,'950639000',108,,KG,0,39629,143036,0,199,1641,0,443,3323,0,3874,15701,0,2868,12234,0,3491,10954,0,2261,7006,0,3737,10973,0,5297,17250,0,7808,25639,0,2745,15356,0,5164,17524,0,1742,5435
2,1995,104,'950639000',111,,KG,0,96257,485137,0,0,0,0,0,0,0,0,0,0,0,0,0,0,0,0,0,0,0,0,0,0,16167,65258,0,22170,113483,0,21658,117156,0,22939,111806,0,13323,77434
2,1995,104,'950639000',205,,KG,0,18,354,0,0,0,0,0,0,0,0,0,0,0,0,0,0,0,0,0,0,0,0,0,0,0,0,0,18,354,0,0,0,0,0,0,0,0,0
2,1995,104,'950639000',210,,KG,0,200,9469,0,0,0,0,0,0,0,0,0,0,0,0,0,0,0,0,0,0,0,200,9469,0,0,0,0,0,0,0,0,0,0,0,0,0,0,0
2,1995,104,'950639000',213,,KG,0,15,295,0,0,0,0,0,0,0,0,0,0,15,295,0,0,0,0,0,0,0,0,0,0,0,0,0,0,0,0,0,0,0,0,0,0,0,0
2,1995,104,'950639000',224,,KG,0,257,3325,0,0,0,0,100,1398,0,157,1927,0,0,0,0,0,0,0,0,0,0,0,0,0,0,0,0,0,0,0,0,0,0,0,0,0,0,0
2,1995,104,'950639000',302,,KG,0,138,4182,0,0,0,0,0,0,0,0,0,0,19,450,0,29,1065,0,41,1011,0,0,0,0,0,0,0,20,758,0,19,636,0,0,0,0,10,262
2,1995,104,'950639000',304,,KG,0,11734,218769,0,160,1851,0,378,2374,0,814,23249,0,2319,15131,0,2097,11202,0,1637,54022,0,180,6852,0,643,21171,0,348,15574,0,993,35818,0,1374,16219,0,791,15306
2,1995,104,'950639000',305,,KG,0,14242,480721,0,1593,7654,0,116,604,0,257,1389,0,1230,27463,0,1937,50176,0,1396,38926,0,1567,56046,0,914,46581,0,722,35787,0,1471,92887,0,1953,71741,0,1086,51467
2,1995,104,'950640000',203,,KG,0,62,873,0,0,0,0,0,0,0,0,0,0,0,0,0,0,0,0,0,0,0,0,0,0,0,0,0,0,0,0,62,873,0,0,0,0,0,0
2,1995,104,'950651010',105,,DZ,0,285,13519,0,0,0,0,0,0,0,150,6129,0,0,0,0,0,0,0,0,0,0,0,0,0,0,0,0,51,2723,0,84,4667,0,0,0,0,0,0
2,1995,104,'950651010',106,,DZ,0,158,5763,0,0,0,0,0,0,0,0,0,0,0,0,0,0,0,0,0,0,0,0,0,0,10,352,0,10,902,0,0,0,0,0,0,0,138,4509
2,1995,104,'950651010',108,,DZ,0,10,256,0,0,0,0,0,0,0,0,0,0,0,0,0,0,0,0,0,0,0,0,0,0,0,0,0,0,0,0,0,0,0,0,0,0,10,256
2,1995,104,'950651010',111,,DZ,0,28,1022,0,15,569,0,0,0,0,0,0,0,0,0,0,0,0,0,0,0,0,0,0,0,13,453,0,0,0,0,0,0,0,0,0,0,0,0
2,1995,104,'950651010',113,,DZ,0,17,1018,0,0,0,0,0,0,0,0,0,0,0,0,0,0,0,0,0,0,0,0,0,0,10,574,0,7,444,0,0,0,0,0,0,0,0,0
2,1995,104,'950651090',106,,KG,0,84,589,0,0,0,0,0,0,0,0,0,0,0,0,0,0,0,0,62,368,0,0,0,0,0,0,0,0,0,0,0,0,0,0,0,0,22,221
2,1995,104,'950651090',304,,KG,0,5,277,0,5,277,0,0,0,0,0,0,0,0,0,0,0,0,0,0,0,0,0,0,0,0,0,0,0,0,0,0,0,0,0,0,0,0,0
2,1995,104,'950659000',106,,KG,0,245,788,0,0,0,0,0,0,0,0,0,0,0,0,0,0,0,0,0,0,0,0,0,0,13,304,0,232,484,0,0,0,0,0,0,0,0,0
2,1995,104,'950659000',304,,KG,0,12,219,0,0,0,0,0,0,0,0,0,0,0,0,0,0,0,0,0,0,0,0,0,0,0,0,0,0,0,0,0,0,0,0,0,0,12,219
2,1995,104,'950661000',111,DZ,KG,600,421,420,0,0,0,0,0,0,600,421,420,0,0,0,0,0,0,0,0,0,0,0,0,0,0,0,0,0,0,0,0,0,0,0,0,0,0,0
2,1995,104,'950662000',105,DZ,KG,5535,29532,24263,0,0,0,366,2000,3523,5133,27372,20319,0,0,0,0,0,0,0,0,0,0,0,0,0,0,0,0,0,0,0,0,0,0,0,0,36,160,421
2,1995,104,'950662000',110,DZ,KG,168,672,1592,0,0,0,0,0,0,0,0,0,0,0,0,0,0,0,0,0,0,0,0,0,0,0,0,168,672,1592,0,0,0,0,0,0,0,0,0
2,1995,104,'950662000',124,DZ,KG,449,1766,2405,0,0,0,0,0,0,125,540,1071,41,176,215,0,0,0,0,0,0,283,1050,1119,0,0,0,0,0,0,0,0,0,0,0,0,0,0,0
2,1995,104,'950662000',304,DZ,KG,47,189,330,0,0,0,0,0,0,0,0,0,0,0,0,0,0,0,0,0,0,47,189,330,0,0,0,0,0,0,0,0,0,0,0,0,0,0,0
2,1995,104,'950669000',105,DZ,KG,7547,4424,5482,0,0,0,0,0,0,800,1480,2753,0,0,0,0,0,0,0,0,0,0,0,0,0,0,0,6675,2802,2515,72,142,214,0,0,0,0,0,0
2,1995,104,'950669000',304,DZ,KG,1327,2850,6447,0,0,0,0,0,0,1002,2400,2531,0,0,0,0,0,0,0,0,0,150,230,1721,0,0,0,50,100,1295,0,0,208,0,0,0,125,120,692
2,1995,104,'950670000',215,DZ,KG,13,300,2740,0,0,0,0,0,0,0,0,0,0,0,0,0,0,0,0,0,0,0,0,0,0,0,0,0,0,0,0,0,0,0,0,0,13,300,2740
2,1995,104,'950670000',220,DZ,KG,3,320,494,0,0,0,0,0,0,0,0,0,0,0,0,0,0,0,0,0,0,3,320,494,0,0,0,0,0,0,0,0,0,0,0,0,0,0,0
2,1995,104,'950670000',225,DZ,KG,544,11693,33931,0,0,0,0,0,0,0,0,0,0,0,0,177,3128,8800,215,5553,16208,152,3012,8923,0,0,0,0,0,0,0,0,0,0,0,0,0,0,0
2,1995,104,'950670000',302,DZ,KG,37,505,2731,0,0,0,0,0,0,0,0,0,0,0,0,0,0,0,0,0,0,0,0,0,0,0,0,5,155,969,32,350,1762,0,0,0,0,0,0
2,1995,104,'950670000',304,DZ,KG,27,866,3766,0,0,0,1,20,223,0,0,0,11,433,2105,15,400,1183,0,0,0,0,0,0,0,0,0,0,0,0,0,13,255,0,0,0,0,0,0
2,1995,104,'950670000',601,DZ,KG,3,47,738,0,0,0,0,0,0,0,0,0,0,0,0,0,0,0,0,0,0,0,0,0,0,27,255,0,0,0,0,0,0,0,0,0,3,20,483
2,1995,104,'950691000',106,,KG,0,62871,28306,0,0,0,0,0,0,0,0,0,0,0,0,0,0,0,0,0,0,0,871,407,0,0,0,0,5400,2322,0,32030,14473,0,24570,11104,0,0,0
2,1995,104,'950691000',118,,KG,0,163,497,0,0,0,0,0,0,0,0,0,0,0,0,0,0,0,0,0,0,0,0,0,0,0,0,0,0,0,0,0,0,0,163,497,0,0,0
2,1995,104,'950691000',205,,KG,0,84,431,0,0,0,0,0,0,0,0,0,0,0,0,0,0,0,0,0,0,0,0,0,0,0,0,0,0,0,0,84,431,0,0,0,0,0,0
2,1995,104,'950691000',210,,KG,0,13,1016,0,0,0,0,0,0,0,13,1016,0,0,0,0,0,0,0,0,0,0,0,0,0,0,0,0,0,0,0,0,0,0,0,0,0,0,0
2,1995,104,'950691000',213,,KG,0,25,356,0,0,0,0,0,0,0,0,0,0,0,0,0,0,0,0,0,0,0,25,356,0,0,0,0,0,0,0,0,0,0,0,0,0,0,0
2,1995,104,'950691000',215,,KG,0,380,1684,0,0,0,0,0,0,0,0,0,0,0,0,0,0,0,0,0,0,0,0,0,0,0,0,0,380,1684,0,0,0,0,0,0,0,0,0
2,1995,104,'950691000',222,,KG,0,200,390,0,0,0,0,0,0,0,0,0,0,0,0,0,0,0,0,0,0,0,0,0,0,0,0,0,0,0,0,200,390,0,0,0,0,0,0
2,1995,104,'950691000',304,,KG,0,9436,24187,0,0,0,0,71,295,0,5288,11587,0,0,0,0,2479,7270,0,0,0,0,925,1572,0,16,233,0,0,0,0,328,1831,0,298,616,0,31,783
2,1995,104,'950699000',103,,KG,0,500,1140,0,0,0,0,0,0,0,500,1140,0,0,0,0,0,0,0,0,0,0,0,0,0,0,0,0,0,0,0,0,0,0,0,0,0,0,0
2,1995,104,'950699000',105,,KG,0,10468,8238,0,0,0,0,0,0,0,0,0,0,4440,2061,0,2718,1258,0,2500,1798,0,480,478,0,0,0,0,250,2165,0,0,0,0,80,478,0,0,0
2,1995,104,'950699000',106,,KG,0,23290,28413,0,0,0,0,768,1915,0,0,0,0,0,0,0,7768,3120,0,3582,2216,0,0,0,0,112,299,0,4575,8824,0,4705,9161,0,1006,2469,0,774,409
2,1995,104,'950699000',113,,KG,0,1582,1081,0,0,0,0,0,0,0,0,0,0,1582,1081,0,0,0,0,0,0,0,0,0,0,0,0,0,0,0,0,0,0,0,0,0,0,0,0
2,1995,104,'950699000',124,,KG,0,50,220,0,0,0,0,0,0,0,0,0,0,0,0,0,0,0,0,50,220,0,0,0,0,0,0,0,0,0,0,0,0,0,0,0,0,0,0
2,1995,104,'950699000',205,,KG,0,172,936,0,0,0,0,144,402,0,0,0,0,0,0,0,28,534,0,0,0,0,0,0,0,0,0,0,0,0,0,0,0,0,0,0,0,0,0
2,1995,104,'950699000',207,,KG,0,785,9252,0,0,0,0,0,0,0,0,0,0,0,0,0,0,0,0,0,0,0,0,0,0,0,0,0,0,0,0,785,9252,0,0,0,0,0,0
2,1995,104,'950699000',210,,KG,0,7557,37537,0,53,420,0,300,1892,0,0,0,0,0,0,0,0,0,0,66,560,0,0,0,0,15,202,0,0,0,0,351,3885,0,6599,29023,0,173,1555
2,1995,104,'950699000',213,,KG,0,10382,111778,0,500,2783,0,577,3027,0,0,0,0,0,0,0,0,0,0,0,0,0,134,1577,0,0,0,0,36,307,0,4810,53346,0,1420,16355,0,2905,34383
2,1995,104,'950699000',215,,KG,0,11089,88354,0,105,860,0,70,524,0,68,392,0,0,0,0,0,0,0,0,0,0,0,0,0,0,0,0,6019,40581,0,1410,11916,0,2839,27658,0,578,6423
2,1995,104,'950699000',220,,KG,0,33510,142441,0,0,0,0,0,0,0,275,958,0,0,0,0,99,475,0,0,0,0,0,0,0,1741,6879,0,738,4072,0,6330,28642,0,11191,49238,0,13136,52177
2,1995,104,'950699000',225,,KG,0,41190,319834,0,393,2392,0,59,240,0,104,760,0,0,0,0,0,0,0,0,0,0,0,0,0,147,1318,0,11473,97612,0,8287,68561,0,12463,69616,0,8264,79335
2,1995,104,'950699000',245,,KG,0,600,3498,0,0,0,0,0,0,0,0,0,0,0,0,0,0,0,0,0,0,0,0,0,0,0,0,0,0,0,0,0,0,0,600,3498,0,0,0
2,1995,104,'950699000',302,,KG,0,3371,26167,0,0,0,0,0,0,0,0,0,0,0,0,0,0,0,0,0,0,0,36,425,0,280,1226,0,1719,14264,0,95,314,0,816,5211,0,425,4727
2,1995,104,'950699000',304,,KG,0,66238,516523,0,1036,7008,0,1025,7268,0,1649,8535,0,334,1611,0,180,726,0,959,4507,0,262,1547,0,912,7208,0,11410,95438,0,14569,105814,0,19572,167891,0,14330,108970
2,1995,104,'950699000',504,,KG,0,3470,13280,0,0,0,0,0,0,0,0,0,0,0,0,0,0,0,0,0,0,0,0,0,0,0,0,0,0,0,0,1150,4502,0,2320,8778,0,0,0
2,1995,104,'950699000',601,,KG,0,485,6128,0,0,0,0,0,0,0,0,0,0,0,0,0,0,0,0,0,0,0,0,0,0,0,0,0,0,0,0,0,0,0,320,4028,0,165,2100
2,1995,104,'950699000',627,,KG,0,10,237,0,0,0,0,0,0,0,0,0,0,0,0,0,0,0,0,0,0,0,10,237,0,0,0,0,0,0,0,0,0,0,0,0,0,0,0
2,1995,104,'950710010',103,DZ,KG,1090,4186,20837,0,0,0,0,0,0,0,0,0,0,0,0,0,0,0,0,0,0,0,0,0,0,0,0,0,0,0,41,140,1557,450,3361,16757,599,685,2523
2,1995,104,'950710010',105,DZ,KG,52,300,1286,0,0,0,0,0,0,0,0,0,0,0,0,0,0,0,0,0,0,0,0,0,0,0,0,0,0,0,52,300,1286,0,0,0,0,0,0
2,1995,104,'950710010',108,DZ,KG,2,15,705,0,0,0,0,0,0,0,0,0,0,0,0,0,0,0,0,0,0,0,0,0,0,0,0,0,0,0,0,0,0,2,15,705,0,0,0
2,1995,104,'950710010',111,DZ,KG,77,199,1684,0,0,0,0,0,0,0,0,0,0,0,0,0,0,0,0,0,0,0,0,0,0,0,0,77,199,1684,0,0,0,0,0,0,0,0,0
2,1995,104,'950710010',112,DZ,KG,84,12,735,0,0,0,0,0,0,0,0,0,0,0,0,0,0,0,0,0,0,0,0,0,84,12,735,0,0,0,0,0,0,0,0,0,0,0,0
2,1995,104,'950710010',304,DZ,KG,65,471,18195,8,42,2663,9,86,3631,3,35,1379,3,10,653,0,13,760,4,46,1523,1,30,891,1,8,309,0,0,0,4,22,1295,16,168,4365,16,11,726
2,1995,104,'950710090',112,,KG,0,26,896,0,0,0,0,0,0,0,0,0,0,0,0,0,0,0,0,0,0,0,26,896,0,0,0,0,0,0,0,0,0,0,0,0,0,0,0
2,1995,104,'950710090',304,,KG,0,29,1423,0,0,0,0,0,0,0,0,0,0,0,0,0,0,0,0,0,0,0,3,387,0,0,0,0,9,238,0,0,0,0,17,798,0,0,0
2,1995,104,'950720000',105,DZ,KG,333,45,478,0,0,0,0,0,0,0,0,0,0,0,0,0,0,0,0,0,0,0,0,0,0,0,0,0,0,0,333,45,478,0,0,0,0,0,0
2,1995,104,'950720000',111,DZ,KG,6028,35,2771,1375,8,960,0,0,0,950,2,473,0,0,0,0,0,0,23,3,204,0,0,0,0,0,0,0,0,0,0,0,0,2930,17,903,750,5,231
2,1995,104,'950720000',304,DZ,KG,14423,1181,18452,0,0,0,116,333,4967,13986,751,12380,0,0,0,0,0,0,0,0,0,0,0,0,6,80,464,16,16,367,0,0,0,299,1,274,0,0,0
2,1995,104,'950730000',108,DZ,KG,3,10,393,0,0,0,0,0,0,0,0,0,0,0,0,0,0,0,0,0,0,0,0,0,0,0,0,0,0,0,0,0,0,3,10,393,0,0,0
2,1995,104,'950730000',111,DZ,KG,1148,3838,14598,0,0,0,0,0,0,0,0,0,0,0,0,0,0,0,0,0,0,0,0,0,0,0,0,1148,3838,14598,0,0,0,0,0,0,0,0,0
2,1995,104,'950730000',113,DZ,KG,271,110,354,0,0,0,0,0,0,0,0,0,271,110,354,0,0,0,0,0,0,0,0,0,0,0,0,0,0,0,0,0,0,0,0,0,0,0,0
2,1995,104,'950730000',205,DZ,KG,480,1064,32186,0,0,0,0,0,0,0,0,0,0,0,0,0,0,0,0,0,0,0,0,0,0,0,0,0,0,0,0,0,0,0,0,0,480,1064,32186
2,1995,104,'950730000',213,DZ,KG,14,50,4260,0,0,0,0,0,0,0,0,0,0,0,0,0,0,0,0,0,0,0,0,0,0,0,0,5,22,1365,0,0,0,0,0,0,9,28,2895
2,1995,104,'950730000',220,DZ,KG,0,14,278,0,0,0,0,0,0,0,0,0,0,0,0,0,0,0,0,0,0,0,0,0,0,14,278,0,0,0,0,0,0,0,0,0,0,0,0
2,1995,104,'950730000',304,DZ,KG,47,113,4843,13,16,616,8,39,1263,0,6,309,2,21,646,2,10,353,19,5,978,0,0,0,0,0,0,0,2,391,0,0,0,3,14,287,0,0,0
2,1995,104,'950790000',105,,KG,0,266,1488,0,0,0,0,0,0,0,236,689,0,30,799,0,0,0,0,0,0,0,0,0,0,0,0,0,0,0,0,0,0,0,0,0,0,0,0
2,1995,104,'950790000',106,,KG,0,121,2884,0,0,0,0,0,0,0,0,0,0,0,0,0,0,0,0,0,0,0,0,0,0,0,0,0,0,0,0,121,2884,0,0,0,0,0,0
2,1995,104,'950790000',123,,KG,0,35,215,0,0,0,0,0,0,0,0,0,0,0,0,0,0,0,0,0,0,0,0,0,0,35,215,0,0,0,0,0,0,0,0,0,0,0,0
2,1995,104,'950790000',205,,KG,0,762,4077,0,44,255,0,80,569,0,109,562,0,0,0,0,0,0,0,0,0,0,50,226,0,179,792,0,155,571,0,30,511,0,115,591,0,0,0
2,1995,104,'950790000',245,,KG,0,14,207,0,0,0,0,0,0,0,14,207,0,0,0,0,0,0,0,0,0,0,0,0,0,0,0,0,0,0,0,0,0,0,0,0,0,0,0
2,1995,104,'950790000',304,,KG,0,1731,27244,0,575,3187,0,115,918,0,30,1138,0,74,532,0,0,0,0,25,540,0,471,4111,0,250,2786,0,0,0,0,16,471,0,6,462,0,169,13099
2,1995,104,'950790000',601,,KG,0,25,2135,0,0,0,0,0,0,0,25,2135,0,0,0,0,0,0,0,0,0,0,0,0,0,0,0,0,0,0,0,0,0,0,0,0,0,0,0
2,1995,104,'950800000',122,,KG,0,380,535,0,0,0,0,0,0,0,0,0,0,0,0,0,0,0,0,0,0,0,0,0,0,0,0,0,0,0,0,380,535,0,0,0,0,0,0
2,1995,104,'950800000',205,,KG,0,13317,25082,0,0,0,0,5800,7099,0,900,5938,0,800,3345,0,0,0,0,5500,6918,0,0,0,0,0,0,0,0,0,0,0,0,0,317,1782,0,0,0
2,1995,104,'950800000',213,,KG,0,19480,54042,0,0,0,0,0,0,0,0,0,0,19480,54042,0,0,0,0,0,0,0,0,0,0,0,0,0,0,0,0,0,0,0,0,0,0,0,0
2,1995,104,'950800000',215,,KG,0,114,1110,0,0,0,0,0,0,0,0,0,0,0,0,0,0,0,0,0,0,0,0,0,0,46,276,0,60,385,0,0,0,0,8,449,0,0,0
2,1995,104,'950800000',304,,KG,0,66433,124837,0,0,0,0,0,0,0,20604,16828,0,43431,89646,0,0,0,0,0,0,0,907,7495,0,6,269,0,1485,10599,0,0,0,0,0,0,0,0,0
2,1995,104,'950800000',407,,KG,0,500,2250,0,0,0,0,0,0,0,0,0,0,0,0,0,0,0,0,0,0,0,0,0,0,0,0,0,500,2250,0,0,0,0,0,0,0,0,0
2,1995,104,'960110020',108,,KG,0,14,1608,0,0,0,0,0,0,0,0,0,0,0,0,0,0,0,0,0,0,0,0,0,0,14,1608,0,0,0,0,0,0,0,0,0,0,0,0
2,1995,104,'960110020',302,,KG,0,5,1841,0,0,0,0,0,0,0,0,0,0,0,0,0,0,0,0,0,0,0,0,0,0,0,0,0,5,1841,0,0,0,0,0,0,0,0,0
2,1995,104,'960190100',220,,KG,0,0,492,0,0,0,0,0,0,0,0,244,0,0,0,0,0,0,0,0,0,0,0,0,0,0,0,0,0,248,0,0,0,0,0,0,0,0,0
2,1995,104,'960190200',205,,KG,0,83,212,0,0,0,0,0,0,0,0,0,0,0,0,0,0,0,0,0,0,0,83,212,0,0,0,0,0,0,0,0,0,0,0,0,0,0,0
2,1995,104,'960190200',220,,KG,0,0,296,0,0,0,0,0,0,0,0,0,0,0,296,0,0,0,0,0,0,0,0,0,0,0,0,0,0,0,0,0,0,0,0,0,0,0,0
2,1995,104,'960190310',108,,KG,0,20,520,0,0,0,0,0,0,0,0,0,0,0,0,0,0,0,0,0,0,0,20,520,0,0,0,0,0,0,0,0,0,0,0,0,0,0,0
2,1995,104,'960190310',213,,KG,0,1,1158,0,0,0,0,0,0,0,0,0,0,0,0,0,0,0,0,0,0,0,1,1158,0,0,0,0,0,0,0,0,0,0,0,0,0,0,0
2,1995,104,'960190310',220,,KG,0,0,251,0,0,0,0,0,0,0,0,0,0,0,0,0,0,0,0,0,251,0,0,0,0,0,0,0,0,0,0,0,0,0,0,0,0,0,0
2,1995,104,'960190310',304,,KG,0,21,436,0,0,0,0,0,0,0,0,0,0,0,0,0,21,436,0,0,0,0,0,0,0,0,0,0,0,0,0,0,0,0,0,0,0,0,0
2,1995,104,'960190390',105,,KG,0,62,1060,0,0,0,0,45,724,0,0,0,0,0,0,0,0,0,0,0,0,0,0,0,0,0,0,0,0,0,0,17,336,0,0,0,0,0,0
2,1995,104,'960190390',106,,KG,0,2,1244,0,0,0,0,0,0,0,0,0,0,0,0,0,0,0,0,0,0,0,0,0,0,0,0,0,0,0,0,0,0,0,0,0,0,2,1244
2,1995,104,'960190390',123,,KG,0,65,725,0,0,0,0,0,0,0,0,0,0,0,0,0,0,0,0,40,431,0,0,0,0,0,0,0,25,294,0,0,0,0,0,0,0,0,0
2,1995,104,'960190390',204,,KG,0,10,201,0,0,0,0,0,0,0,0,0,0,0,0,0,0,0,0,0,0,0,0,0,0,0,0,0,0,0,0,10,201,0,0,0,0,0,0
2,1995,104,'960190390',210,,KG,0,50,252,0,0,0,0,0,0,0,50,252,0,0,0,0,0,0,0,0,0,0,0,0,0,0,0,0,0,0,0,0,0,0,0,0,0,0,0
2,1995,104,'960190390',213,,KG,0,5,10934,0,0,0,0,0,0,0,0,0,0,0,0,0,1,970,0,0,0,0,0,0,0,0,0,0,2,4657,0,0,2803,0,2,2504,0,0,0
2,1995,104,'960190390',220,,KG,0,97,34886,0,4,660,0,0,1513,0,4,873,0,2,1062,0,8,2204,0,15,1979,0,10,2607,0,10,1659,0,5,7043,0,37,14402,0,2,884,0,0,0
2,1995,104,'960190390',304,,KG,0,22,313,0,0,0,0,0,0,0,0,0,0,0,0,0,0,0,0,0,0,0,0,0,0,0,0,0,0,0,0,22,313,0,0,0,0,0,0
2,1995,104,'960190390',551,,KG,0,100,312,0,0,0,0,0,0,0,100,312,0,0,0,0,0,0,0,0,0,0,0,0,0,0,0,0,0,0,0,0,0,0,0,0,0,0,0
2,1995,104,'960200091',213,,KG,0,5,2395,0,0,0,0,0,0,0,0,217,0,0,0,0,0,0,0,0,0,0,0,0,0,0,0,0,0,0,0,0,0,0,5,2178,0,0,0
2,1995,104,'960200091',223,,KG,0,17,4615,0,0,0,0,0,0,0,0,0,0,0,0,0,0,0,0,0,0,0,0,0,0,0,0,0,3,753,0,5,1059,0,9,2803,0,0,0
2,1995,104,'960200091',304,,KG,0,13,2437,0,0,0,0,0,0,0,0,0,0,0,0,0,0,0,0,0,0,0,0,0,0,0,0,0,3,1533,0,0,0,0,10,904,0,0,0
2,1995,104,'960200091',323,,KG,0,5,1903,0,0,0,0,0,0,0,0,0,0,0,0,0,0,0,0,0,0,0,0,0,0,0,0,0,5,1903,0,0,0,0,0,0,0,0,0
2,1995,104,'960200099',304,,KG,0,592,553,0,0,0,0,0,0,0,48,244,0,0,0,0,0,0,0,0,0,0,0,0,0,0,0,0,544,309,0,0,0,0,0,0,0,0,0
2,1995,104,'960310000',304,DZ,KG,130,235,1586,0,0,0,0,0,0,0,0,0,0,0,0,0,0,0,0,0,0,108,130,1334,0,0,0,0,0,0,22,105,252,0,0,0,0,0,0
2,1995,104,'960321000',105,DZ,KG,500,978,798,0,0,0,0,0,0,0,0,0,0,0,0,0,0,0,0,0,0,0,0,0,0,0,0,0,0,0,500,978,798,0,0,0,0,0,0
2,1995,104,'960321000',143,DZ,KG,2500,369,3197,0,0,0,0,0,0,0,0,0,0,0,0,0,0,0,0,0,0,0,0,0,0,0,0,0,0,0,0,0,0,0,0,0,2500,369,3197
2,1995,104,'960321000',304,DZ,KG,28,15,251,0,0,0,0,0,0,0,0,0,0,0,0,0,0,0,0,0,0,28,15,251,0,0,0,0,0,0,0,0,0,0,0,0,0,0,0
2,1995,104,'960329000',103,DZ,KG,5082,616,1457,0,0,0,0,0,0,0,0,0,916,580,508,0,0,0,0,0,0,0,0,0,0,0,0,2500,30,630,1666,6,319,0,0,0,0,0,0
2,1995,104,'960329000',210,DZ,KG,24,5,289,0,0,0,0,0,0,0,0,0,0,0,0,0,0,0,0,0,0,0,0,0,24,5,289,0,0,0,0,0,0,0,0,0,0,0,0
2,1995,104,'960330000',105,DZ,KG,5109,612,2218,0,0,0,0,0,0,0,0,0,433,457,815,0,0,0,0,0,0,0,0,0,0,0,0,0,0,0,4676,155,1403,0,0,0,0,0,0
2,1995,104,'960330000',111,DZ,KG,3583,4,764,0,0,0,0,0,0,0,0,0,0,0,0,0,0,0,0,0,0,0,0,0,0,0,0,0,0,0,1083,2,254,2500,2,510,0,0,0
2,1995,104,'960330000',210,DZ,KG,1775,1155,35358,71,59,2878,48,25,730,52,46,1809,20,7,213,64,17,662,88,44,1144,152,126,4019,71,38,1184,195,82,2829,402,171,5818,481,474,11903,131,66,2169
2,1995,104,'960330000',304,DZ,KG,8333,28,1050,0,0,0,0,0,0,0,0,0,0,0,0,0,0,0,0,0,0,0,0,0,0,0,0,0,0,0,0,0,0,8333,28,1050,0,0,0
2,1995,104,'960350000',103,DZ,KG,1,18,247,0,0,0,0,0,0,0,0,0,0,0,0,0,0,0,0,0,0,0,0,0,0,0,0,1,18,247,0,0,0,0,0,0,0,0,0
2,1995,104,'960350000',203,DZ,KG,23,36,535,0,0,0,23,36,535,0,0,0,0,0,0,0,0,0,0,0,0,0,0,0,0,0,0,0,0,0,0,0,0,0,0,0,0,0,0
2,1995,104,'960350000',220,DZ,KG,5,1480,1603,0,0,0,0,0,0,0,0,0,5,1480,1603,0,0,0,0,0,0,0,0,0,0,0,0,0,0,0,0,0,0,0,0,0,0,0,0
2,1995,104,'960350000',304,DZ,KG,2147,559,1426,2091,554,1006,0,0,0,0,0,0,0,0,0,0,0,0,0,0,0,0,0,0,0,0,0,0,0,0,0,0,0,56,5,420,0,0,0
2,1995,104,'960390020',105,DZ,KG,1119,72,592,0,0,0,0,0,0,0,0,0,0,0,0,0,0,0,0,0,0,90,4,284,0,0,0,0,0,0,1029,68,308,0,0,0,0,0,0
2,1995,104,'960390030',304,DZ,KG,13,168,211,0,0,0,0,0,0,0,0,0,0,0,0,13,168,211,0,0,0,0,0,0,0,0,0,0,0,0,0,0,0,0,0,0,0,0,0
2,1995,104,'960390090',105,,KG,0,556,1047,0,0,0,0,0,0,0,0,0,0,0,0,0,0,0,0,0,0,0,0,0,0,200,373,0,110,216,0,124,229,0,122,229,0,0,0
2,1995,104,'960390090',106,,KG,0,3121,2603,0,0,0,0,0,0,0,0,0,0,0,0,0,0,0,0,0,0,0,0,0,0,0,0,0,0,0,0,377,446,0,2744,2157,0,0,0
2,1995,104,'960390090',205,,KG,0,50,327,0,0,0,0,0,0,0,0,0,0,50,327,0,0,0,0,0,0,0,0,0,0,0,0,0,0,0,0,0,0,0,0,0,0,0,0
2,1995,104,'960390090',213,,KG,0,180,413,0,180,413,0,0,0,0,0,0,0,0,0,0,0,0,0,0,0,0,0,0,0,0,0,0,0,0,0,0,0,0,0,0,0,0,0
2,1995,104,'960390090',304,,KG,0,609,1015,0,0,0,0,0,0,0,0,0,0,0,0,0,0,0,0,0,0,0,0,0,0,0,0,0,0,0,0,0,0,0,5,314,0,604,701
2,1995,104,'960500000',105,,KG,0,185,280,0,185,280,0,0,0,0,0,0,0,0,0,0,0,0,0,0,0,0,0,0,0,0,0,0,0,0,0,0,0,0,0,0,0,0,0
2,1995,104,'960500000',220,,KG,0,185,343,0,0,0,0,0,0,0,0,0,0,0,0,0,0,0,0,0,0,0,0,0,0,0,0,0,185,343,0,0,0,0,0,0,0,0,0
2,1995,104,'960610000',103,,KG,0,296,1483,0,0,0,0,0,0,0,0,0,0,50,868,0,0,0,0,0,0,0,0,0,0,0,0,0,0,0,0,246,615,0,0,0,0,0,0
2,1995,104,'960610000',106,,KG,0,322,856,0,192,489,0,0,0,0,0,0,0,0,0,0,0,0,0,0,0,0,130,367,0,0,0,0,0,0,0,0,0,0,0,0,0,0,0
2,1995,104,'960610000',304,,KG,0,0,369,0,0,0,0,0,0,0,0,0,0,0,0,0,0,0,0,0,0,0,0,0,0,0,0,0,0,0,0,0,0,0,0,369,0,0,0
2,1995,104,'960621000',103,,KG,0,200,671,0,0,0,0,0,0,0,0,0,0,0,0,0,200,671,0,0,0,0,0,0,0,0,0,0,0,0,0,0,0,0,0,0,0,0,0
2,1995,104,'960621000',105,,KG,0,642,4156,0,0,0,0,0,0,0,0,0,0,0,0,0,0,0,0,0,0,0,0,384,0,0,0,0,332,3152,0,0,0,0,310,620,0,0,0
2,1995,104,'960621000',108,,KG,0,792,3058,0,0,0,0,0,0,0,0,0,0,12,207,0,0,0,0,48,476,0,0,0,0,33,740,0,19,204,0,340,709,0,0,0,0,340,722
2,1995,104,'960621000',205,,KG,0,11,629,0,5,250,0,0,0,0,0,0,0,0,0,0,0,0,0,0,0,0,0,0,0,6,379,0,0,0,0,0,0,0,0,0,0,0,0
2,1995,104,'960621000',210,,KG,0,113,3970,0,0,0,0,10,388,0,0,0,0,0,0,0,0,0,0,6,332,0,4,205,0,0,0,0,0,0,0,46,1800,0,0,0,0,47,1245
2,1995,104,'960621000',213,,KG,0,153,1570,0,0,0,0,0,0,0,129,1343,0,0,0,0,0,0,0,24,227,0,0,0,0,0,0,0,0,0,0,0,0,0,0,0,0,0,0
2,1995,104,'960621000',220,,KG,0,69,1715,0,0,0,0,0,0,0,28,445,0,0,0,0,0,0,0,3,414,0,0,0,0,0,0,0,0,0,0,28,545,0,10,311,0,0,0
2,1995,104,'960622000',210,,KG,0,91,2400,0,10,342,0,52,1131,0,0,0,0,18,227,0,0,0,0,0,0,0,0,0,0,0,0,0,6,433,0,5,267,0,0,0,0,0,0
2,1995,104,'960622000',220,,KG,0,1068,3862,0,0,0,0,0,0,0,0,0,0,0,0,0,0,0,0,97,1220,0,12,689,0,220,397,0,0,0,0,569,1167,0,0,0,0,170,389
2,1995,104,'960622000',304,,KG,0,15,254,0,0,0,0,15,254,0,0,0,0,0,0,0,0,0,0,0,0,0,0,0,0,0,0,0,0,0,0,0,0,0,0,0,0,0,0
2,1995,104,'960629010',117,,KG,0,5,309,0,0,0,0,0,0,0,0,0,0,0,0,0,0,0,0,0,0,0,5,309,0,0,0,0,0,0,0,0,0,0,0,0,0,0,0
2,1995,104,'960629020',105,,KG,0,29,315,0,0,0,0,0,0,0,0,0,0,0,0,0,0,0,0,29,315,0,0,0,0,0,0,0,0,0,0,0,0,0,0,0,0,0,0
2,1995,104,'960629020',108,,KG,0,195,3533,0,120,2188,0,0,0,0,39,685,0,0,0,0,15,374,0,21,286,0,0,0,0,0,0,0,0,0,0,0,0,0,0,0,0,0,0
2,1995,104,'960629020',111,,KG,0,15,282,0,0,0,0,0,0,0,0,0,0,0,0,0,0,0,0,0,0,0,0,0,0,0,0,0,0,0,0,15,282,0,0,0,0,0,0
2,1995,104,'960629020',117,,KG,0,18,218,0,0,0,0,0,0,0,0,0,0,18,218,0,0,0,0,0,0,0,0,0,0,0,0,0,0,0,0,0,0,0,0,0,0,0,0
2,1995,104,'960629020',210,,KG,0,5,428,0,0,0,0,0,0,0,0,0,0,0,0,0,0,0,0,0,0,0,0,0,0,0,0,0,0,0,0,5,428,0,0,0,0,0,0
2,1995,104,'960629020',213,,KG,0,24,463,0,0,0,0,0,0,0,0,0,0,24,463,0,0,0,0,0,0,0,0,0,0,0,0,0,0,0,0,0,0,0,0,0,0,0,0
2,1995,104,'960629020',220,,KG,0,53,1140,0,0,0,0,6,311,0,0,0,0,0,0,0,0,0,0,0,0,0,0,0,0,0,0,0,0,0,0,7,385,0,0,0,0,40,444
2,1995,104,'960629020',225,,KG,0,4,688,0,0,0,0,0,0,0,0,0,0,0,0,0,0,0,0,0,0,0,4,688,0,0,0,0,0,0,0,0,0,0,0,0,0,0,0
2,1995,104,'960629020',304,,KG,0,14,366,0,0,0,0,0,0,0,14,366,0,0,0,0,0,0,0,0,0,0,0,0,0,0,0,0,0,0,0,0,0,0,0,0,0,0,0
2,1995,104,'960630000',108,,KG,0,22,974,0,0,0,0,0,0,0,10,559,0,0,0,0,12,415,0,0,0,0,0,0,0,0,0,0,0,0,0,0,0,0,0,0,0,0,0
2,1995,104,'960711000',103,,KG,0,58,1098,0,0,0,0,0,0,0,0,0,0,0,0,0,0,0,0,0,0,0,58,1098,0,0,0,0,0,0,0,0,0,0,0,0,0,0,0
2,1995,104,'960711000',106,,KG,0,266,523,0,0,0,0,179,242,0,0,0,0,0,0,0,0,0,0,0,0,0,0,0,0,0,0,0,0,0,0,87,281,0,0,0,0,0,0
2,1995,104,'960711000',215,,KG,0,376,3532,0,40,332,0,0,0,0,71,600,0,0,0,0,0,0,0,0,0,0,0,0,0,0,0,0,65,577,0,40,471,0,90,730,0,70,822
2,1995,104,'960711000',225,,KG,0,4,225,0,0,0,0,0,0,0,0,0,0,0,0,0,0,0,0,0,0,0,0,0,0,0,0,0,0,0,0,0,0,0,4,225,0,0,0
2,1995,104,'960711000',304,,KG,0,368,1058,0,0,0,0,0,0,0,0,0,0,0,0,0,0,0,0,368,1058,0,0,0,0,0,0,0,0,0,0,0,0,0,0,0,0,0,0
2,1995,104,'960719000',106,,KG,0,47,1461,0,0,0,0,0,0,0,0,0,0,0,0,0,0,0,0,0,0,0,7,1196,0,0,0,0,40,265,0,0,0,0,0,0,0,0,0
2,1995,104,'960719000',111,,KG,0,60,223,0,0,0,0,60,223,0,0,0,0,0,0,0,0,0,0,0,0,0,0,0,0,0,0,0,0,0,0,0,0,0,0,0,0,0,0
2,1995,104,'960720000',106,,KG,0,1229,914,0,0,0,0,206,209,0,1023,705,0,0,0,0,0,0,0,0,0,0,0,0,0,0,0,0,0,0,0,0,0,0,0,0,0,0,0
2,1995,104,'960810010',106,,DZ,0,11233,8298,0,0,0,0,0,0,0,0,0,0,0,0,0,0,0,0,0,0,0,0,0,0,0,0,0,0,0,0,232,681,0,10749,7323,0,252,294
2,1995,104,'960810010',108,,DZ,0,199,4451,0,0,0,0,4,213,0,166,516,0,0,0,0,0,0,0,0,0,0,0,0,0,0,0,0,0,0,0,0,0,0,0,0,0,29,3722
2,1995,104,'960810010',112,,DZ,0,46,518,0,0,0,0,0,0,0,0,0,0,0,0,0,0,0,0,0,0,0,0,0,0,41,280,0,0,0,0,0,0,0,5,238,0,0,0
2,1995,104,'960810010',113,,DZ,0,10,315,0,0,0,0,0,0,0,0,0,0,0,0,0,0,0,0,0,0,0,0,0,0,0,0,0,0,0,0,10,315,0,0,0,0,0,0
2,1995,104,'960810010',205,,DZ,0,40,2076,0,0,0,0,3,243,0,4,267,0,0,0,0,0,0,0,0,0,0,0,0,0,0,0,0,0,0,0,33,1566,0,0,0,0,0,0
2,1995,104,'960810010',207,,DZ,0,3,209,0,0,0,0,0,0,0,0,0,0,0,0,0,0,0,0,3,209,0,0,0,0,0,0,0,0,0,0,0,0,0,0,0,0,0,0
2,1995,104,'960810010',210,,DZ,0,1049,11488,0,5,374,0,0,0,0,0,0,0,0,0,0,0,0,0,5,783,0,35,1750,0,0,0,0,91,4760,0,833,1128,0,44,1201,0,36,1492
2,1995,104,'960810010',213,,DZ,0,286,21996,0,27,1469,0,16,1067,0,15,1463,0,2,542,0,44,3328,0,6,283,0,29,2191,0,38,3140,0,24,2209,0,10,913,0,8,771,0,67,4620
2,1995,104,'960810010',215,,DZ,0,2,729,0,0,0,0,0,0,0,0,0,0,0,0,0,0,0,0,2,729,0,0,0,0,0,0,0,0,0,0,0,0,0,0,0,0,0,0
2,1995,104,'960810010',220,,DZ,0,1333,4136,0,0,306,0,0,0,0,0,0,0,151,578,0,1182,2573,0,0,0,0,0,0,0,0,0,0,0,0,0,0,0,0,0,0,0,0,679
2,1995,104,'960810010',238,,DZ,0,4,639,0,0,0,0,0,0,0,0,0,0,0,0,0,0,0,0,0,0,0,0,0,0,0,0,0,0,0,0,4,639,0,0,0,0,0,0
2,1995,104,'960810010',302,,DZ,0,250,224,0,0,0,0,0,0,0,0,0,0,0,0,0,0,0,0,0,0,0,0,0,0,250,224,0,0,0,0,0,0,0,0,0,0,0,0
2,1995,104,'960810010',304,,DZ,0,10630,195407,0,174,3473,0,16,542,0,517,10941,0,238,1084,0,2087,24231,0,204,8344,0,297,5152,0,141,2726,0,3687,78769,0,311,6464,0,2559,46075,0,399,7606
2,1995,104,'960810090',103,,DZ,0,25245,11597,0,0,0,0,0,0,0,1750,506,0,919,466,0,5000,1680,0,0,0,0,0,0,0,11977,4016,0,2659,888,0,1666,3010,0,416,575,0,858,456
2,1995,104,'960810090',105,,DZ,0,12911,8390,0,916,932,0,0,0,0,0,0,0,0,0,0,5580,4050,0,0,0,0,0,0,0,0,0,0,0,0,0,0,0,0,3082,2290,0,3333,1118
2,1995,104,'960810090',106,,DZ,0,47222,29991,0,0,0,0,0,0,0,780,2962,0,10529,2378,0,8607,10399,0,833,415,0,20116,4114,0,1698,2474,0,577,570,0,583,1367,0,2500,2929,0,999,2383
2,1995,104,'960810090',108,,DZ,0,175,209,0,0,0,0,0,0,0,0,0,0,0,0,0,0,0,0,0,0,0,0,0,0,0,0,0,0,0,0,0,0,0,175,209,0,0,0
2,1995,104,'960810090',112,,DZ,0,132,1041,0,0,0,0,54,516,0,0,0,0,0,0,0,3,233,0,0,0,0,0,0,0,0,0,0,0,0,0,0,0,0,0,0,0,75,292
2,1995,104,'960810090',113,,DZ,0,41,284,0,0,0,0,0,0,0,0,0,0,0,0,0,0,0,0,0,0,0,0,0,0,0,0,0,0,0,0,0,0,0,0,0,0,41,284
2,1995,104,'960810090',204,,DZ,0,255,232,0,0,0,0,255,232,0,0,0,0,0,0,0,0,0,0,0,0,0,0,0,0,0,0,0,0,0,0,0,0,0,0,0,0,0,0
2,1995,104,'960810090',205,,DZ,0,103,207,0,0,0,0,0,0,0,0,0,0,0,0,0,0,0,0,0,0,0,103,207,0,0,0,0,0,0,0,0,0,0,0,0,0,0,0
2,1995,104,'960810090',210,,DZ,0,29822,5858,0,0,0,0,0,0,0,2535,1187,0,27119,3151,0,26,485,0,0,0,0,43,459,0,0,0,0,27,312,0,0,0,0,0,0,0,72,264
2,1995,104,'960810090',213,,DZ,0,25725,6977,0,95,468,0,1333,1158,0,0,0,0,0,0,0,0,0,0,8333,1237,0,900,1473,0,8333,1243,0,0,0,0,0,0,0,6731,1398,0,0,0
2,1995,104,'960810090',215,,DZ,0,30,483,0,0,0,0,30,483,0,0,0,0,0,0,0,0,0,0,0,0,0,0,0,0,0,0,0,0,0,0,0,0,0,0,0,0,0,0
2,1995,104,'960810090',220,,DZ,0,34174,6621,0,3075,998,0,0,0,0,0,0,0,0,0,0,28600,4434,0,2499,1189,0,0,0,0,0,0,0,0,0,0,0,0,0,0,0,0,0,0
2,1995,104,'960810090',304,,DZ,0,67330,80922,0,633,1516,0,129,1775,0,12122,9360,0,333,326,0,43643,14622,0,58,1699,0,262,567,0,1201,7130,0,3617,19155,0,280,856,0,2547,20186,0,2505,3730
2,1995,104,'960810090',601,,DZ,0,200,567,0,0,0,0,0,0,0,200,567,0,0,0,0,0,0,0,0,0,0,0,0,0,0,0,0,0,0,0,0,0,0,0,0,0,0,0
2,1995,104,'960820000',106,,DZ,0,13537,2174,0,0,0,0,2404,529,0,9500,694,0,800,305,0,0,0,0,0,0,0,0,0,0,0,0,0,833,646,0,0,0,0,0,0,0,0,0
2,1995,104,'960820000',108,,DZ,0,5,376,0,0,0,0,0,0,0,0,0,0,0,0,0,0,0,0,5,376,0,0,0,0,0,0,0,0,0,0,0,0,0,0,0,0,0,0
2,1995,104,'960820000',111,,DZ,0,834,286,0,0,0,0,0,0,0,0,0,0,0,0,0,0,0,0,0,0,0,0,0,0,0,0,0,0,0,0,0,0,0,0,0,0,834,286
2,1995,104,'960820000',210,,DZ,0,3,204,0,0,0,0,0,0,0,0,0,0,0,0,0,0,0,0,0,0,0,0,0,0,0,0,0,3,204,0,0,0,0,0,0,0,0,0
2,1995,104,'960820000',213,,DZ,0,983,1824,0,0,0,0,0,0,0,0,0,0,0,0,0,0,0,0,0,0,0,0,0,0,983,1824,0,0,0,0,0,0,0,0,0,0,0,0
2,1995,104,'960820000',220,,DZ,0,61000,3984,0,0,0,0,0,0,0,0,0,0,0,0,0,0,0,0,0,0,0,0,0,0,0,0,0,0,0,0,25000,1636,0,36000,2348,0,0,0
2,1995,104,'960831090',112,,DZ,0,79,1030,0,0,0,0,0,0,0,0,0,0,0,0,0,0,0,0,0,0,0,79,1030,0,0,0,0,0,0,0,0,0,0,0,0,0,0,0
2,1995,104,'960839010',205,,DZ,0,10,2867,0,0,0,0,2,947,0,3,340,0,0,0,0,0,0,0,1,436,0,2,296,0,0,0,0,0,581,0,0,0,0,0,0,0,2,267
2,1995,104,'960839010',210,,DZ,0,92,6821,0,10,1018,0,0,0,0,6,235,0,0,0,0,0,0,0,0,0,0,25,1963,0,0,0,0,29,2590,0,0,0,0,7,339,0,15,676
2,1995,104,'960839010',213,,DZ,0,117,16074,0,0,0,0,5,896,0,16,2016,0,0,0,0,28,3159,0,2,291,0,2,322,0,18,2918,0,6,978,0,4,604,0,0,0,0,36,4890
2,1995,104,'960839010',220,,DZ,0,0,2447,0,0,0,0,0,0,0,0,0,0,0,0,0,0,0,0,0,0,0,0,0,0,0,0,0,0,0,0,0,0,0,0,0,0,0,2447
2,1995,104,'960839010',302,,DZ,0,0,306,0,0,0,0,0,0,0,0,0,0,0,0,0,0,0,0,0,0,0,0,0,0,0,0,0,0,0,0,0,0,0,0,0,0,0,306
2,1995,104,'960839010',304,,DZ,0,355,8501,0,11,580,0,0,0,0,3,453,0,0,0,0,260,1381,0,0,0,0,0,0,0,0,0,0,15,2115,0,11,949,0,55,3023,0,0,0
2,1995,104,'960839090',112,,DZ,0,65,590,0,0,0,0,0,0,0,0,0,0,45,379,0,0,0,0,0,0,0,0,0,0,0,0,0,20,211,0,0,0,0,0,0,0,0,0
2,1995,104,'960839090',210,,DZ,0,90,1479,0,0,0,0,0,0,0,50,631,0,4,341,0,0,0,0,0,0,0,36,507,0,0,0,0,0,0,0,0,0,0,0,0,0,0,0
2,1995,104,'960839090',213,,DZ,0,54,485,0,54,485,0,0,0,0,0,0,0,0,0,0,0,0,0,0,0,0,0,0,0,0,0,0,0,0,0,0,0,0,0,0,0,0,0
2,1995,104,'960839090',304,,DZ,0,388,1927,0,0,0,0,31,403,0,0,0,0,291,860,0,0,0,0,0,0,0,0,0,0,0,0,0,66,664,0,0,0,0,0,0,0,0,0
2,1995,104,'960840010',205,,DZ,0,4,502,0,0,0,0,0,0,0,0,0,0,2,224,0,0,0,0,0,0,0,0,0,0,2,278,0,0,0,0,0,0,0,0,0,0,0,0
2,1995,104,'960840010',213,,DZ,0,5,470,0,0,0,0,0,0,0,0,0,0,0,0,0,0,0,0,0,0,0,2,201,0,0,0,0,0,0,0,0,0,0,0,0,0,3,269
2,1995,104,'960840010',304,,DZ,0,1859,28049,0,0,0,0,0,0,0,227,4819,0,0,0,0,710,7940,0,0,0,0,0,0,0,0,0,0,671,11616,0,0,0,0,251,3674,0,0,0
2,1995,104,'960840090',105,,DZ,0,2250,1306,0,0,0,0,0,0,0,0,0,0,0,0,0,0,0,0,0,0,0,0,0,0,0,0,0,0,0,0,0,0,0,2250,1306,0,0,0
2,1995,104,'960840090',106,,DZ,0,641,608,0,0,0,0,0,0,0,0,0,0,0,0,0,0,0,0,600,352,0,0,0,0,0,0,0,0,0,0,0,0,0,41,256,0,0,0
2,1995,104,'960840090',213,,DZ,0,1666,1866,0,0,0,0,0,0,0,1666,1866,0,0,0,0,0,0,0,0,0,0,0,0,0,0,0,0,0,0,0,0,0,0,0,0,0,0,0
2,1995,104,'960840090',304,,DZ,0,2850,17328,0,0,0,0,200,1693,0,0,0,0,0,0,0,1669,5666,0,0,0,0,0,0,0,0,0,0,666,7174,0,0,0,0,315,2795,0,0,0
2,1995,104,'960850000',105,,DZ,0,83,805,0,0,0,0,0,0,0,0,0,0,0,0,0,0,0,0,0,0,0,0,0,0,0,0,0,0,0,0,0,0,0,83,805,0,0,0
2,1995,104,'960850000',106,,DZ,0,16,265,0,0,0,0,0,0,0,0,0,0,0,0,0,16,265,0,0,0,0,0,0,0,0,0,0,0,0,0,0,0,0,0,0,0,0,0
2,1995,104,'960850000',108,,DZ,0,20,226,0,0,0,0,0,0,0,0,0,0,0,0,0,0,0,0,0,0,0,0,0,0,0,0,0,0,0,0,0,0,0,20,226,0,0,0
2,1995,104,'960850000',112,,DZ,0,41,218,0,41,218,0,0,0,0,0,0,0,0,0,0,0,0,0,0,0,0,0,0,0,0,0,0,0,0,0,0,0,0,0,0,0,0,0
2,1995,104,'960850000',203,,DZ,0,31,739,0,0,0,0,15,274,0,0,0,0,0,0,0,0,0,0,0,0,0,16,465,0,0,0,0,0,0,0,0,0,0,0,0,0,0,0
2,1995,104,'960850000',205,,DZ,0,0,406,0,0,0,0,0,0,0,0,0,0,0,0,0,0,0,0,0,0,0,0,0,0,0,0,0,0,0,0,0,406,0,0,0,0,0,0
2,1995,104,'960850000',220,,DZ,0,366,941,0,0,0,0,0,0,0,0,0,0,0,0,0,0,0,0,0,0,0,0,0,0,0,0,0,0,0,0,366,941,0,0,0,0,0,0
2,1995,104,'960850000',302,,DZ,0,25,326,0,0,0,0,0,0,0,25,326,0,0,0,0,0,0,0,0,0,0,0,0,0,0,0,0,0,0,0,0,0,0,0,0,0,0,0
2,1995,104,'960850000',304,,DZ,0,142,3898,0,8,367,0,56,1045,0,24,1186,0,33,211,0,0,0,0,5,360,0,0,0,0,0,0,0,16,729,0,0,0,0,0,0,0,0,0
2,1995,104,'960860000',213,,DZ,0,77625,3536,0,0,0,0,0,0,0,77000,3177,0,0,0,0,0,0,0,0,0,0,0,0,0,0,0,0,625,359,0,0,0,0,0,0,0,0,0
2,1995,104,'960860000',304,,DZ,0,1574,2216,0,0,0,0,970,1366,0,0,0,0,0,0,0,0,0,0,0,0,0,0,0,0,0,0,0,604,850,0,0,0,0,0,0,0,0,0
2,1995,104,'960891000',105,,TH,0,30,709,0,0,0,0,0,0,0,0,0,0,0,0,0,0,0,0,0,0,0,0,0,0,0,0,0,0,0,0,0,0,0,30,709,0,0,0
2,1995,104,'960891000',112,,TH,0,1,1627,0,0,403,0,0,343,0,0,0,0,1,637,0,0,0,0,0,0,0,0,0,0,0,0,0,0,244,0,0,0,0,0,0,0,0,0
2,1995,104,'960891000',304,,TH,0,1005,19900,0,0,1312,0,1,3194,0,1000,326,0,0,1130,0,0,0,0,0,866,0,0,0,0,1,2785,0,0,0,0,0,1677,0,3,2303,0,0,6307
2,1995,104,'960899010',105,,KG,0,4163,25454,0,32,350,0,0,0,0,15,1511,0,0,0,0,0,0,0,2342,13217,0,1774,10376,0,0,0,0,0,0,0,0,0,0,0,0,0,0,0
2,1995,104,'960899010',106,,KG,0,56,892,0,0,0,0,0,0,0,0,0,0,0,0,0,0,0,0,0,0,0,0,0,0,0,0,0,0,0,0,0,0,0,56,892,0,0,0
2,1995,104,'960899010',108,,KG,0,106,295,0,106,295,0,0,0,0,0,0,0,0,0,0,0,0,0,0,0,0,0,0,0,0,0,0,0,0,0,0,0,0,0,0,0,0,0
2,1995,104,'960899010',204,,KG,0,32,207,0,0,0,0,0,0,0,0,0,0,32,207,0,0,0,0,0,0,0,0,0,0,0,0,0,0,0,0,0,0,0,0,0,0,0,0
2,1995,104,'960899010',213,,KG,0,4,579,0,0,0,0,0,0,0,0,0,0,0,0,0,0,0,0,0,0,0,0,0,0,0,0,0,0,0,0,0,0,0,0,0,0,4,579
2,1995,104,'960899010',215,,KG,0,17,1695,0,0,0,0,0,0,0,0,0,0,0,0,0,0,0,0,0,0,0,9,820,0,0,0,0,0,0,0,0,0,0,8,875,0,0,0
2,1995,104,'960899010',304,,KG,0,1,316,0,0,0,0,0,0,0,0,0,0,0,0,0,0,0,0,0,0,0,1,316,0,0,0,0,0,0,0,0,0,0,0,0,0,0,0
2,1995,104,'960899090',108,,KG,0,110,847,0,0,0,0,0,0,0,110,847,0,0,0,0,0,0,0,0,0,0,0,0,0,0,0,0,0,0,0,0,0,0,0,0,0,0,0
2,1995,104,'960899090',215,,KG,0,18,304,0,0,0,0,0,0,0,0,0,0,0,0,0,18,304,0,0,0,0,0,0,0,0,0,0,0,0,0,0,0,0,0,0,0,0,0
2,1995,104,'960899090',304,,KG,0,6,224,0,0,0,0,0,0,0,0,0,0,0,0,0,0,0,0,0,0,0,6,224,0,0,0,0,0,0,0,0,0,0,0,0,0,0,0
2,1995,104,'960910010',106,,KG,0,3238,3906,0,0,0,0,0,0,0,0,0,0,0,0,0,0,0,0,0,0,0,0,0,0,452,960,0,0,0,0,0,0,0,910,1167,0,1876,1779
2,1995,104,'960910090',105,,KG,0,1000,800,0,0,0,0,0,0,0,0,0,0,0,0,0,0,0,0,0,0,0,0,0,0,0,0,0,1000,800,0,0,0,0,0,0,0,0,0
2,1995,104,'960910090',106,,KG,0,2525,3484,0,0,0,0,0,0,0,0,0,0,0,0,0,486,525,0,780,840,0,0,0,0,358,880,0,0,0,0,0,0,0,0,0,0,901,1239
2,1995,104,'960910090',210,,KG,0,200,491,0,0,0,0,0,0,0,0,0,0,0,0,0,0,0,0,0,0,0,0,0,0,0,0,0,0,0,0,0,0,0,200,491,0,0,0
2,1995,104,'960910090',304,,KG,0,4,222,0,0,0,0,0,0,0,0,0,0,0,0,0,0,0,0,0,0,0,0,0,0,0,0,0,0,0,0,4,222,0,0,0,0,0,0
2,1995,104,'960920000',106,,KG,0,43,518,0,0,0,0,0,0,0,0,0,0,0,0,0,43,518,0,0,0,0,0,0,0,0,0,0,0,0,0,0,0,0,0,0,0,0,0
2,1995,104,'960920000',304,,KG,0,57,214,0,0,0,0,57,214,0,0,0,0,0,0,0,0,0,0,0,0,0,0,0,0,0,0,0,0,0,0,0,0,0,0,0,0,0,0
2,1995,104,'960990000',106,,KG,0,2850,1695,0,0,0,0,2850,1695,0,0,0,0,0,0,0,0,0,0,0,0,0,0,0,0,0,0,0,0,0,0,0,0,0,0,0,0,0,0
2,1995,104,'960990000',210,,KG,0,450,1006,0,0,0,0,0,0,0,0,0,0,0,0,0,0,0,0,0,0,0,0,0,0,0,0,0,0,0,0,0,0,0,450,1006,0,0,0
2,1995,104,'961100000',105,,KG,0,1546,3019,0,0,0,0,0,0,0,0,0,0,680,1256,0,0,0,0,0,0,0,866,1763,0,0,0,0,0,0,0,0,0,0,0,0,0,0,0
2,1995,104,'961100000',117,,KG,0,11,226,0,0,0,0,11,226,0,0,0,0,0,0,0,0,0,0,0,0,0,0,0,0,0,0,0,0,0,0,0,0,0,0,0,0,0,0
2,1995,104,'961100000',205,,KG,0,577,1874,0,0,0,0,0,0,0,0,0,0,0,0,0,350,1180,0,0,0,0,0,0,0,0,0,0,0,0,0,0,0,0,0,0,0,227,694
2,1995,104,'961210000',103,,DZ,0,30,210,0,0,0,0,0,0,0,0,0,0,0,0,0,0,0,0,0,0,0,0,0,0,0,0,0,0,0,0,0,0,0,0,0,0,30,210
2,1995,104,'961210000',113,,DZ,0,1938,6275,0,0,0,0,0,0,0,0,0,0,0,0,0,1446,4687,0,492,1588,0,0,0,0,0,0,0,0,0,0,0,0,0,0,0,0,0,0
2,1995,104,'961210000',129,,DZ,0,25,258,0,0,0,0,0,0,0,0,0,0,25,258,0,0,0,0,0,0,0,0,0,0,0,0,0,0,0,0,0,0,0,0,0,0,0,0
2,1995,104,'961210000',206,,DZ,0,448,3786,0,0,0,0,0,0,0,0,0,0,0,0,0,0,0,0,0,0,0,41,330,0,0,0,0,145,620,0,262,2836,0,0,0,0,0,0
2,1995,104,'961210000',210,,DZ,0,110,2323,0,50,815,0,0,0,0,0,0,0,10,772,0,0,0,0,2,367,0,0,0,0,0,0,0,0,0,0,0,0,0,48,369,0,0,0
2,1995,104,'961210000',213,,DZ,0,4,520,0,0,0,0,0,0,0,0,0,0,4,520,0,0,0,0,0,0,0,0,0,0,0,0,0,0,0,0,0,0,0,0,0,0,0,0
2,1995,104,'961210000',220,,DZ,0,968,5838,0,0,0,0,0,0,0,0,0,0,0,0,0,374,2263,0,0,0,0,0,0,0,0,0,0,0,0,0,0,0,0,259,1525,0,335,2050
2,1995,104,'961210000',304,,DZ,0,577,11831,0,0,0,0,0,0,0,25,244,0,18,1654,0,33,4053,0,12,1168,0,290,1043,0,18,531,0,31,663,0,51,1266,0,88,638,0,11,571
2,1995,104,'961220000',106,,DZ,0,41,286,0,0,0,0,0,0,0,0,0,0,0,0,0,0,0,0,0,0,0,0,0,0,0,0,0,0,0,0,41,286,0,0,0,0,0,0
2,1995,104,'961220000',112,,DZ,0,98,2387,0,0,0,0,0,0,0,0,0,0,0,0,0,0,0,0,0,0,0,0,0,0,0,0,0,0,0,0,0,0,0,0,0,0,98,2387
2,1995,104,'961220000',220,,DZ,0,108,3364,0,0,0,0,0,0,0,0,0,0,0,0,0,0,0,0,0,0,0,0,0,0,0,0,0,0,0,0,108,3364,0,0,0,0,0,0
2,1995,104,'961220000',304,,DZ,0,1276,4874,0,0,0,0,102,453,0,787,2861,0,0,0,0,0,0,0,166,470,0,0,0,0,0,0,0,0,0,0,55,851,0,166,239,0,0,0
2,1995,104,'961310000',103,,DZ,0,3583,1023,0,0,0,0,0,0,0,3583,1023,0,0,0,0,0,0,0,0,0,0,0,0,0,0,0,0,0,0,0,0,0,0,0,0,0,0,0
2,1995,104,'961310000',111,,DZ,0,241938,174336,0,7552,5429,0,0,0,0,83264,59144,0,0,0,0,750,576,0,0,0,0,0,0,0,42760,30803,0,0,0,0,16666,11987,0,69164,49761,0,21782,16636
2,1995,104,'961310000',117,,DZ,0,2560,1510,0,0,0,0,0,0,0,0,0,0,0,0,0,0,0,0,0,0,0,0,0,0,0,0,0,0,0,0,0,0,0,2560,1510,0,0,0
2,1995,104,'961310000',210,,DZ,0,265409,129133,0,8345,3285,0,0,0,0,0,0,0,0,0,0,2500,1329,0,6009,2161,0,135906,55005,0,0,0,0,41729,25210,0,58420,37666,0,12500,4477,0,0,0
2,1995,104,'961320010',103,,DZ,0,4035,24137,0,0,0,0,1129,8468,0,0,0,0,429,2578,0,0,0,0,0,0,0,250,1609,0,712,4504,0,0,0,0,691,4969,0,824,2009,0,0,0
2,1995,104,'961320010',105,,DZ,0,244,734,0,0,0,0,0,0,0,0,0,0,244,734,0,0,0,0,0,0,0,0,0,0,0,0,0,0,0,0,0,0,0,0,0,0,0,0
2,1995,104,'961320010',210,,DZ,0,146,23150,0,109,15486,0,0,0,0,9,1805,0,0,0,0,9,1811,0,5,1254,0,0,0,0,0,0,0,12,2341,0,0,0,0,0,0,0,2,453
2,1995,104,'961320010',215,,DZ,0,41,10971,0,6,1877,0,0,0,0,0,0,0,0,0,0,8,2535,0,2,457,0,0,0,0,4,1250,0,3,899,0,0,0,0,0,0,0,18,3953
2,1995,104,'961320090',103,,DZ,0,17373,48915,0,5415,10196,0,300,931,0,4250,7726,0,166,693,0,2254,6901,0,83,615,0,782,5306,0,0,0,0,0,0,0,580,5564,0,416,4353,0,3127,6630
2,1995,104,'961320090',105,,DZ,0,625,1598,0,375,1173,0,0,0,0,0,0,0,0,0,0,0,0,0,0,0,0,0,0,0,0,0,0,0,0,0,0,0,0,0,0,0,250,425
2,1995,104,'961320090',111,,DZ,0,16800,32653,0,0,0,0,0,0,0,0,0,0,0,0,0,0,0,0,0,0,0,0,0,0,1680,3235,0,6720,13006,0,8400,16412,0,0,0,0,0,0
2,1995,104,'961320090',213,,DZ,0,20,825,0,0,0,0,13,446,0,7,379,0,0,0,0,0,0,0,0,0,0,0,0,0,0,0,0,0,0,0,0,0,0,0,0,0,0,0
2,1995,104,'961320090',218,,DZ,0,3084,1027,0,0,0,0,0,0,0,0,0,0,3084,1027,0,0,0,0,0,0,0,0,0,0,0,0,0,0,0,0,0,0,0,0,0,0,0,0
2,1995,104,'961320090',304,,DZ,0,16,340,0,0,0,0,0,0,0,0,0,0,0,0,0,16,340,0,0,0,0,0,0,0,0,0,0,0,0,0,0,0,0,0,0,0,0,0
2,1995,104,'961330000',205,,DZ,0,0,490,0,0,0,0,0,0,0,0,0,0,0,0,0,0,0,0,0,0,0,0,0,0,0,0,0,0,0,0,0,0,0,0,490,0,0,0
2,1995,104,'961380000',106,,DZ,0,1000,720,0,0,0,0,0,0,0,1000,720,0,0,0,0,0,0,0,0,0,0,0,0,0,0,0,0,0,0,0,0,0,0,0,0,0,0,0
2,1995,104,'961380000',302,,DZ,0,41,384,0,0,0,0,0,0,0,0,0,0,0,0,0,0,0,0,0,0,0,0,0,0,0,0,0,0,0,0,41,384,0,0,0,0,0,0
2,1995,104,'961380000',304,,DZ,0,283,5936,0,22,258,0,39,502,0,28,209,0,0,0,0,0,0,0,69,1323,0,48,907,0,32,418,0,23,1358,0,1,230,0,19,515,0,2,216
2,1995,104,'961380000',601,,DZ,0,8,420,0,0,0,0,0,0,0,0,0,0,0,0,0,0,0,0,0,0,0,0,0,0,0,0,0,0,0,0,8,420,0,0,0,0,0,0
2,1995,104,'961390000',103,,KG,0,122,749,0,0,0,0,0,0,0,0,0,0,0,0,0,0,0,0,0,0,0,122,749,0,0,0,0,0,0,0,0,0,0,0,0,0,0,0
2,1995,104,'961420000',304,,KG,0,48,495,0,0,0,0,0,0,0,0,0,0,0,0,0,0,0,0,0,0,0,0,0,0,0,0,0,48,495,0,0,0,0,0,0,0,0,0
2,1995,104,'961490000',304,,KG,0,20,246,0,0,0,0,0,0,0,0,0,0,0,0,0,0,0,0,0,0,0,0,0,0,20,246,0,0,0,0,0,0,0,0,0,0,0,0
2,1995,104,'961511000',106,,KG,0,1204,3220,0,0,0,0,0,0,0,893,1807,0,0,0,0,80,455,0,0,0,0,46,319,0,0,0,0,0,0,0,30,290,0,0,0,0,155,349
2,1995,104,'961511000',210,,KG,0,163,1632,0,0,0,0,0,0,0,0,0,0,10,318,0,20,259,0,0,0,0,0,0,0,0,0,0,0,0,0,0,0,0,125,516,0,8,539
2,1995,104,'961511000',220,,KG,0,8,904,0,2,451,0,0,0,0,0,0,0,6,453,0,0,0,0,0,0,0,0,0,0,0,0,0,0,0,0,0,0,0,0,0,0,0,0
2,1995,104,'961511000',304,,KG,0,5,274,0,0,0,0,0,0,0,0,0,0,0,0,0,0,0,0,5,274,0,0,0,0,0,0,0,0,0,0,0,0,0,0,0,0,0,0
2,1995,104,'961519000',103,,KG,0,260,2057,0,0,0,0,0,0,0,0,0,0,0,0,0,0,0,0,0,0,0,0,0,0,260,2057,0,0,0,0,0,0,0,0,0,0,0,0
2,1995,104,'961519000',105,,KG,0,273,1959,0,0,0,0,0,0,0,273,1959,0,0,0,0,0,0,0,0,0,0,0,0,0,0,0,0,0,0,0,0,0,0,0,0,0,0,0
2,1995,104,'961519000',106,,KG,0,328,1087,0,0,0,0,0,0,0,0,0,0,168,236,0,0,0,0,0,0,0,120,482,0,0,0,0,0,0,0,40,369,0,0,0,0,0,0
2,1995,104,'961519000',205,,KG,0,1732,20837,0,1732,20837,0,0,0,0,0,0,0,0,0,0,0,0,0,0,0,0,0,0,0,0,0,0,0,0,0,0,0,0,0,0,0,0,0
2,1995,104,'961519000',210,,KG,0,24,1564,0,0,0,0,0,0,0,0,0,0,0,0,0,2,670,0,0,0,0,0,0,0,0,0,0,0,0,0,0,0,0,10,313,0,12,581
2,1995,104,'961519000',220,,KG,0,83,5722,0,2,1480,0,0,0,0,28,1696,0,10,604,0,4,253,0,0,0,0,0,0,0,0,0,0,0,0,0,0,0,0,0,0,0,39,1689
2,1995,104,'961519000',304,,KG,0,113,3444,0,24,1199,0,7,332,0,0,0,0,20,376,0,0,0,0,0,0,0,0,0,0,0,0,0,0,0,0,14,632,0,0,0,0,48,905
2,1995,104,'961590030',210,,KG,0,57,375,0,0,0,0,0,0,0,57,375,0,0,0,0,0,0,0,0,0,0,0,0,0,0,0,0,0,0,0,0,0,0,0,0,0,0,0
2,1995,104,'961590030',220,,KG,0,3,201,0,0,0,0,0,0,0,0,0,0,0,0,0,3,201,0,0,0,0,0,0,0,0,0,0,0,0,0,0,0,0,0,0,0,0,0
2,1995,104,'961590050',105,,KG,0,48,214,0,0,0,0,0,0,0,0,0,0,0,0,0,0,0,0,0,0,0,0,0,0,0,0,0,0,0,0,48,214,0,0,0,0,0,0
2,1995,104,'961590050',304,,KG,0,114,5060,0,0,0,0,0,0,0,0,0,0,6,216,0,8,347,0,13,554,0,32,1414,0,43,1953,0,4,237,0,8,339,0,0,0,0,0,0
2,1995,104,'961590060',105,,KG,0,7,369,0,0,0,0,0,0,0,0,0,0,0,0,0,0,0,0,0,0,0,0,0,0,7,369,0,0,0,0,0,0,0,0,0,0,0,0
2,1995,104,'961590060',106,,KG,0,190,3964,0,0,0,0,0,0,0,0,0,0,0,0,0,0,0,0,0,0,0,0,0,0,0,0,0,0,0,0,190,3964,0,0,0,0,0,0
2,1995,104,'961590060',108,,KG,0,55,323,0,0,0,0,0,0,0,0,0,0,0,0,0,0,0,0,0,0,0,0,0,0,55,323,0,0,0,0,0,0,0,0,0,0,0,0
2,1995,104,'961590060',205,,KG,0,11,664,0,0,0,0,0,0,0,0,0,0,0,0,0,0,0,0,0,0,0,7,340,0,0,0,0,0,0,0,0,0,0,4,324,0,0,0
2,1995,104,'961590060',220,,KG,0,129,535,0,0,0,0,0,0,0,0,0,0,0,0,0,0,0,0,129,535,0,0,0,0,0,0,0,0,0,0,0,0,0,0,0,0,0,0
2,1995,104,'961590060',304,,KG,0,9,521,0,0,0,0,0,0,0,0,0,0,0,0,0,9,521,0,0,0,0,0,0,0,0,0,0,0,0,0,0,0,0,0,0,0,0,0
2,1995,104,'961610000',106,DZ,KG,416,500,1390,0,0,0,0,0,0,0,0,0,0,0,0,0,0,0,0,0,0,0,0,0,0,0,0,0,0,0,0,0,0,0,0,0,416,500,1390
2,1995,104,'961610000',210,DZ,KG,10416,466,3536,0,0,0,0,0,0,0,0,0,1250,27,265,8333,393,2587,833,46,684,0,0,0,0,0,0,0,0,0,0,0,0,0,0,0,0,0,0
2,1995,104,'961610000',304,DZ,KG,10,6,250,0,0,0,0,0,0,0,0,0,0,0,0,0,0,0,0,0,0,0,0,0,0,0,0,0,0,0,10,6,250,0,0,0,0,0,0
2,1995,104,'961700000',113,,KG,0,41,269,0,0,0,0,0,0,0,0,0,0,0,0,0,0,0,0,0,0,0,41,269,0,0,0,0,0,0,0,0,0,0,0,0,0,0,0
2,1995,104,'961800000',205,,KG,0,55,420,0,0,0,0,0,0,0,55,420,0,0,0,0,0,0,0,0,0,0,0,0,0,0,0,0,0,0,0,0,0,0,0,0,0,0,0
2,1995,104,'961800000',208,,KG,0,70,225,0,0,0,0,0,0,0,0,0,0,0,0,0,0,0,0,0,0,0,70,225,0,0,0,0,0,0,0,0,0,0,0,0,0,0,0
2,1995,104,'961800000',210,,KG,0,96,326,0,0,0,0,0,0,0,96,326,0,0,0,0,0,0,0,0,0,0,0,0,0,0,0,0,0,0,0,0,0,0,0,0,0,0,0
2,1995,104,'961800000',220,,KG,0,390,2906,0,0,0,0,0,0,0,180,1819,0,0,0,0,0,0,0,0,0,0,0,0,0,0,0,0,0,0,0,0,0,0,0,0,0,210,1087
2,1995,104,'961800000',302,,KG,0,1,1297,0,0,0,0,0,0,0,0,0,0,0,0,0,0,0,0,0,0,0,0,0,0,0,0,0,1,1297,0,0,0,0,0,0,0,0,0
2,1995,104,'961800000',304,,KG,0,1592,8965,0,0,0,0,700,7348,0,0,0,0,0,0,0,0,0,0,20,211,0,0,0,0,0,0,0,872,1406,0,0,0,0,0,0,0,0,0
2,1995,104,'970110000',103,NO,KG,68403,20333,75133,25825,13729,28774,8132,616,1639,0,0,0,213,255,10651,0,0,0,0,0,0,1600,755,1433,4843,654,4605,0,0,0,10027,150,479,11885,310,845,5878,3864,26707
2,1995,104,'970110000',105,NO,KG,15586,627,11343,0,0,0,0,0,0,10,39,1172,0,0,0,2,0,336,5713,135,348,0,0,0,9726,338,1627,37,33,7658,98,82,202,0,0,0,0,0,0
2,1995,104,'970110000',106,NO,KG,97,137,4532,0,0,0,1,8,307,8,3,1371,0,0,0,3,12,845,0,0,0,0,0,0,82,24,1248,1,50,385,0,0,0,2,40,376,0,0,0
2,1995,104,'970110000',108,NO,KG,170,102,26649,1,1,288,2,11,282,3,38,293,0,0,0,0,0,0,6,6,14166,1,28,11004,0,0,0,156,10,204,0,0,0,1,8,412,0,0,0
2,1995,104,'970110000',110,NO,KG,103,121,14915,0,0,0,0,0,0,0,0,0,0,0,0,0,0,0,0,0,0,0,0,0,103,121,14915,0,0,0,0,0,0,0,0,0,0,0,0
2,1995,104,'970110000',112,NO,KG,28,23,1121,4,21,474,0,0,0,0,0,0,17,1,215,0,0,0,0,0,0,0,0,0,0,0,0,0,0,0,7,1,432,0,0,0,0,0,0
2,1995,104,'970110000',117,NO,KG,1427,26,217,0,0,0,0,0,0,0,0,0,0,0,0,0,0,0,0,0,0,0,0,0,0,0,0,1427,26,217,0,0,0,0,0,0,0,0,0
2,1995,104,'970110000',118,NO,KG,3460,89,430,0,0,0,0,0,0,0,0,0,0,0,0,1295,32,203,0,0,0,0,0,0,0,0,0,0,0,0,2165,57,227,0,0,0,0,0,0
2,1995,104,'970110000',123,NO,KG,70,330,9935,0,0,0,0,0,0,0,0,0,0,0,0,0,0,0,0,0,0,0,0,0,0,0,0,70,330,9935,0,0,0,0,0,0,0,0,0
2,1995,104,'970110000',133,NO,KG,222,150,275,0,0,0,0,0,0,0,0,0,222,150,275,0,0,0,0,0,0,0,0,0,0,0,0,0,0,0,0,0,0,0,0,0,0,0,0
2,1995,104,'970110000',143,NO,KG,28,8,1538,0,0,0,0,0,0,0,0,0,0,0,0,0,0,0,0,0,0,5,1,340,0,0,0,0,0,0,0,0,0,23,7,1198,0,0,0
2,1995,104,'970110000',147,NO,KG,3,15,354,0,0,0,0,0,0,0,0,0,0,0,0,0,0,0,0,0,0,0,0,0,0,0,0,0,0,0,3,15,354,0,0,0,0,0,0
2,1995,104,'970110000',202,NO,KG,1,15,3053,0,0,0,0,0,0,0,0,0,0,0,0,0,0,0,0,0,0,0,0,0,0,0,0,1,15,3053,0,0,0,0,0,0,0,0,0
2,1995,104,'970110000',205,NO,KG,805,1418,141220,0,0,0,1,0,232,173,142,8935,4,12,1668,63,41,4777,356,106,2042,31,60,7511,1,1,420,83,453,57953,6,161,42566,74,415,11602,13,27,3514
2,1995,104,'970110000',206,NO,KG,1,8,293,0,0,0,0,0,0,1,8,293,0,0,0,0,0,0,0,0,0,0,0,0,0,0,0,0,0,0,0,0,0,0,0,0,0,0,0
2,1995,104,'970110000',207,NO,KG,58,27,1291,0,0,0,0,0,0,0,0,0,3,1,233,0,0,0,0,0,0,0,0,0,20,6,238,0,0,0,21,12,231,0,0,0,14,8,589
2,1995,104,'970110000',210,NO,KG,1398,1492,1952100,41,253,77099,37,364,1312992,802,7,2996,25,10,5544,7,13,4547,30,16,4373,26,8,19938,70,8,1443,67,66,6156,243,650,492564,40,22,17571,10,75,6877
2,1995,104,'970110000',213,NO,KG,8,1,2313,0,0,0,0,0,0,0,0,0,0,0,0,0,0,0,0,0,0,0,0,0,0,0,0,0,0,0,0,0,0,8,1,2313,0,0,0
2,1995,104,'970110000',215,NO,KG,14,14,33761,1,3,30301,0,0,0,0,0,0,2,4,781,0,0,0,0,0,0,7,4,2330,0,0,0,0,0,0,0,0,0,0,0,0,4,3,349
2,1995,104,'970110000',218,NO,KG,133,188,102433,0,0,0,0,0,0,0,0,0,83,165,1880,0,0,0,0,0,0,5,4,287,0,0,0,0,0,0,30,15,99485,15,4,781,0,0,0
2,1995,104,'970110000',220,NO,KG,17,44,4724,0,0,0,0,0,0,14,10,2480,0,0,0,0,0,0,1,6,518,1,15,1255,1,13,471,0,0,0,0,0,0,0,0,0,0,0,0
2,1995,104,'970110000',223,NO,KG,100,305,11653,0,0,0,0,0,0,0,0,0,0,0,0,0,0,0,0,0,0,0,0,0,0,0,0,0,0,0,0,0,0,36,300,1177,64,5,10476
2,1995,104,'970110000',225,NO,KG,31,12,2722,0,0,0,0,0,0,0,0,0,0,0,0,1,5,345,0,0,0,0,0,0,0,0,0,0,0,0,0,0,0,0,0,0,30,7,2377
2,1995,104,'970110000',302,NO,KG,67,89,10615,0,0,0,0,0,0,0,0,0,2,4,213,8,8,1460,14,18,1304,6,8,832,1,2,303,1,10,297,0,0,0,16,20,2363,19,19,3843
2,1995,104,'970110000',304,NO,KG,1900,6273,260755,264,463,22252,112,359,26280,95,209,14172,179,1500,46729,170,604,19641,99,293,19445,318,831,23450,196,398,15547,239,888,24305,87,332,19338,87,285,14154,54,111,15442
2,1995,104,'970110000',601,NO,KG,139,677,13844,3,54,1124,4,49,2027,2,15,500,38,133,1231,17,84,1350,0,0,0,14,47,1106,48,90,2847,5,75,1039,3,33,1087,3,87,1133,2,10,400
2,1995,104,'970110000',618,NO,KG,1,36,206,0,0,0,0,0,0,1,36,206,0,0,0,0,0,0,0,0,0,0,0,0,0,0,0,0,0,0,0,0,0,0,0,0,0,0,0
2,1995,104,'970190000',105,NO,KG,1,2,538,0,0,0,0,0,0,0,0,0,0,0,0,1,2,538,0,0,0,0,0,0,0,0,0,0,0,0,0,0,0,0,0,0,0,0,0
2,1995,104,'970190000',204,NO,KG,136,4,1498,0,0,0,0,0,0,0,0,0,68,2,766,68,2,732,0,0,0,0,0,0,0,0,0,0,0,0,0,0,0,0,0,0,0,0,0
2,1995,104,'970190000',205,NO,KG,1071,446,3348,1,2,350,2,7,302,0,0,0,0,0,0,0,0,0,1,2,406,0,0,0,2,5,465,0,0,0,0,0,0,0,0,0,1065,430,1825
2,1995,104,'970190000',210,NO,KG,59,116,6137,0,0,0,0,0,0,1,3,226,2,6,891,0,0,0,2,4,384,0,0,0,22,53,233,30,30,276,0,0,0,2,20,4127,0,0,0
2,1995,104,'970190000',213,NO,KG,158,21,355,0,0,0,158,21,355,0,0,0,0,0,0,0,0,0,0,0,0,0,0,0,0,0,0,0,0,0,0,0,0,0,0,0,0,0,0
2,1995,104,'970190000',302,NO,KG,3,12,406,0,0,0,0,0,0,0,0,0,0,0,0,0,0,0,0,0,0,3,12,406,0,0,0,0,0,0,0,0,0,0,0,0,0,0,0
2,1995,104,'970190000',304,NO,KG,612,907,21596,0,0,0,5,5,497,0,0,0,0,0,0,126,4,383,1,5,6356,2,15,691,2,19,906,56,59,2012,302,582,6674,104,194,3054,14,24,1023
2,1995,104,'970190000',601,NO,KG,7,4,855,7,4,855,0,0,0,0,0,0,0,0,0,0,0,0,0,0,0,0,0,0,0,0,0,0,0,0,0,0,0,0,0,0,0,0,0
2,1995,104,'970200000',105,NO,KG,3,6,2228,0,0,0,0,0,0,0,0,0,0,0,0,0,0,0,3,6,2228,0,0,0,0,0,0,0,0,0,0,0,0,0,0,0,0,0,0
2,1995,104,'970200000',106,NO,KG,596,72,9652,21,4,915,0,0,0,160,13,2738,0,0,0,0,0,0,0,0,0,200,19,2730,0,0,0,0,0,0,215,36,3269,0,0,0,0,0,0
2,1995,104,'970200000',108,NO,KG,5,1,211,0,0,0,0,0,0,0,0,0,5,1,211,0,0,0,0,0,0,0,0,0,0,0,0,0,0,0,0,0,0,0,0,0,0,0,0
2,1995,104,'970200000',143,NO,KG,17,5,1156,0,0,0,0,0,0,0,0,0,0,0,0,0,0,0,10,3,370,0,0,0,7,2,786,0,0,0,0,0,0,0,0,0,0,0,0
2,1995,104,'970200000',202,NO,KG,1,4,3394,0,0,0,0,0,0,0,0,0,0,0,0,0,0,0,0,0,0,0,0,0,0,0,0,0,0,0,1,4,3394,0,0,0,0,0,0
2,1995,104,'970200000',203,NO,KG,102,24,15031,0,0,0,0,0,0,0,0,0,0,0,0,0,0,0,0,0,0,0,0,0,0,0,0,0,0,0,102,24,15031,0,0,0,0,0,0
2,1995,104,'970200000',205,NO,KG,536,303,89628,4,2,1596,8,4,2464,16,7,35632,12,21,1464,1,7,5991,290,27,3772,55,26,8298,27,90,20795,4,41,3230,82,25,597,4,23,1134,33,30,4655
2,1995,104,'970200000',207,NO,KG,27,9,1379,0,0,0,0,0,0,0,0,0,0,0,0,0,0,0,1,4,999,0,0,0,0,0,0,0,0,0,26,5,380,0,0,0,0,0,0
2,1995,104,'970200000',210,NO,KG,1486,490,102984,4,9,3326,66,19,4511,343,44,11856,172,70,11573,32,3,6778,319,41,10749,163,41,10698,66,20,5668,64,134,6074,113,90,10607,9,5,7146,135,14,13998
2,1995,104,'970200000',213,NO,KG,94,64,19120,2,4,651,1,2,214,0,0,0,8,10,8963,45,12,1098,13,20,2551,13,9,726,11,7,2977,0,0,0,0,0,0,0,0,0,1,0,1940
2,1995,104,'970200000',215,NO,KG,15,10,2652,0,0,0,0,0,0,0,0,0,0,0,0,0,0,0,1,1,297,14,9,2355,0,0,0,0,0,0,0,0,0,0,0,0,0,0,0
2,1995,104,'970200000',218,NO,KG,1271,524,47745,0,0,0,0,0,0,0,0,0,0,0,0,1270,520,46553,0,0,0,0,0,0,1,4,1192,0,0,0,0,0,0,0,0,0,0,0,0
2,1995,104,'970200000',220,NO,KG,77,9,791,0,0,0,0,0,0,1,1,208,76,8,583,0,0,0,0,0,0,0,0,0,0,0,0,0,0,0,0,0,0,0,0,0,0,0,0
2,1995,104,'970200000',224,NO,KG,30,20,11833,0,0,0,0,0,0,0,0,0,0,0,0,0,0,0,9,4,916,6,3,569,9,3,7540,0,0,0,0,0,0,6,10,2808,0,0,0
2,1995,104,'970200000',225,NO,KG,94,16,890,0,0,0,9,3,426,0,0,0,0,0,0,0,0,0,0,0,0,10,3,218,0,0,0,75,10,246,0,0,0,0,0,0,0,0,0
2,1995,104,'970200000',302,NO,KG,217,178,31045,12,41,2444,81,24,7671,5,3,3134,0,0,0,3,6,357,8,17,1159,36,17,9275,12,10,1573,27,5,952,9,25,1405,4,20,634,20,10,2441
2,1995,104,'970200000',304,NO,KG,8116,6535,616407,658,461,62602,515,486,57105,467,533,44979,881,576,73151,659,593,67799,846,602,62045,1023,683,52310,594,721,42140,679,655,45892,471,350,29887,411,587,41188,912,288,37309
2,1995,104,'970200000',601,NO,KG,13,76,1508,1,7,236,0,0,0,0,0,0,0,0,0,11,62,706,0,0,0,0,0,0,0,0,0,0,0,0,0,0,0,0,0,0,1,7,566
2,1995,104,'970200000',618,NO,KG,1,1,1004,0,0,0,0,0,0,0,0,0,0,0,0,0,0,0,0,0,0,0,0,0,0,0,0,0,0,0,0,0,0,0,0,0,1,1,1004
2,1995,104,'970200000',619,NO,KG,55,1,1240,55,1,1240,0,0,0,0,0,0,0,0,0,0,0,0,0,0,0,0,0,0,0,0,0,0,0,0,0,0,0,0,0,0,0,0,0
2,1995,104,'970200000',620,NO,KG,1,7,221,0,0,0,0,0,0,0,0,0,0,0,0,0,0,0,0,0,0,0,0,0,0,0,0,0,0,0,1,7,221,0,0,0,0,0,0
2,1995,104,'970200000',627,NO,KG,1,12,205,0,0,0,0,0,0,0,0,0,0,0,0,0,0,0,0,0,0,0,0,0,0,0,0,0,0,0,0,0,0,1,12,205,0,0,0
2,1995,104,'970300000',105,NO,KG,2,1,400,0,0,0,0,0,0,0,0,0,0,0,0,0,0,0,0,0,0,2,1,400,0,0,0,0,0,0,0,0,0,0,0,0,0,0,0
2,1995,104,'970300000',205,NO,KG,15,4865,62691,0,0,0,0,0,0,1,7,793,0,0,0,2,22,41917,2,20,1953,4,8,591,0,0,0,2,4800,17161,0,0,0,0,0,0,4,8,276
2,1995,104,'970300000',207,NO,KG,7,88,3668,0,0,0,0,0,0,0,0,0,0,0,0,0,0,0,1,4,1019,0,0,0,0,0,0,0,0,0,4,54,932,2,30,1717,0,0,0
2,1995,104,'970300000',210,NO,KG,130,1690,222914,0,0,0,0,0,0,2,7,513,2,7,3559,1,3,479,104,429,109984,4,22,4678,0,0,0,5,273,6699,7,932,61106,0,0,0,5,17,35896
2,1995,104,'970300000',213,NO,KG,5,367,30119,2,350,27309,0,0,0,0,0,0,0,0,0,1,2,463,0,0,0,1,12,2066,0,0,0,0,0,0,0,0,0,0,0,0,1,3,281
2,1995,104,'970300000',220,NO,KG,42,397,4575,0,0,0,0,0,0,11,387,3904,1,4,219,0,0,0,0,0,0,0,0,0,30,6,452,0,0,0,0,0,0,0,0,0,0,0,0
2,1995,104,'970300000',245,NO,KG,6,961,7009,6,961,7009,0,0,0,0,0,0,0,0,0,0,0,0,0,0,0,0,0,0,0,0,0,0,0,0,0,0,0,0,0,0,0,0,0
2,1995,104,'970300000',304,NO,KG,110,4384,128057,6,73,34251,1,30,569,2,1730,17854,19,110,8983,51,192,2551,4,127,28747,12,102,5560,1,8,521,1,200,2252,2,25,247,9,1762,25984,2,25,538
2,1995,104,'970300000',601,NO,KG,23,403,2716,0,0,0,0,0,0,0,0,0,1,176,225,5,150,800,0,0,0,0,0,0,0,0,0,11,35,1220,6,42,471,0,0,0,0,0,0
2,1995,104,'970400000',105,,KG,0,4,900,0,0,0,0,0,0,0,2,500,0,0,0,0,0,0,0,0,0,0,2,400,0,0,0,0,0,0,0,0,0,0,0,0,0,0,0
2,1995,104,'970400000',205,,KG,0,7,1628,0,0,0,0,0,0,0,1,324,0,0,0,0,0,0,0,0,0,0,2,464,0,1,225,0,0,0,0,0,0,0,3,615,0,0,0
2,1995,104,'970400000',210,,KG,0,0,793,0,0,0,0,0,0,0,0,366,0,0,0,0,0,0,0,0,427,0,0,0,0,0,0,0,0,0,0,0,0,0,0,0,0,0,0
2,1995,104,'970400000',213,,KG,0,1,1291,0,1,1291,0,0,0,0,0,0,0,0,0,0,0,0,0,0,0,0,0,0,0,0,0,0,0,0,0,0,0,0,0,0,0,0,0
2,1995,104,'970400000',218,,KG,0,1,947,0,0,0,0,0,0,0,0,0,0,0,0,0,0,0,0,0,0,0,0,0,0,0,0,0,0,0,0,1,480,0,0,467,0,0,0
2,1995,104,'970400000',304,,KG,0,46,5623,0,0,0,0,0,354,0,29,2751,0,0,0,0,10,1556,0,4,597,0,0,0,0,3,365,0,0,0,0,0,0,0,0,0,0,0,0
2,1995,104,'970400000',410,,KG,0,6,293,0,6,293,0,0,0,0,0,0,0,0,0,0,0,0,0,0,0,0,0,0,0,0,0,0,0,0,0,0,0,0,0,0,0,0,0
2,1995,104,'970400000',601,,KG,0,66,2021,0,0,0,0,0,0,0,0,0,0,0,0,0,0,0,0,36,1008,0,30,1013,0,0,0,0,0,0,0,0,0,0,0,0,0,0,0
2,1995,104,'970400000',606,,KG,0,1,449,0,0,0,0,1,449,0,0,0,0,0,0,0,0,0,0,0,0,0,0,0,0,0,0,0,0,0,0,0,0,0,0,0,0,0,0
2,1995,104,'970500000',105,,KG,0,51,1786,0,0,0,0,0,0,0,25,1045,0,0,0,0,0,0,0,0,0,0,6,316,0,0,0,0,0,0,0,20,425,0,0,0,0,0,0
2,1995,104,'970500000',205,,KG,0,308,1281,0,0,0,0,0,0,0,0,0,0,0,0,0,200,535,0,0,0,0,38,481,0,0,0,0,70,265,0,0,0,0,0,0,0,0,0
2,1995,104,'970500000',207,,KG,0,150,481,0,0,0,0,0,0,0,0,0,0,0,0,0,0,0,0,0,0,0,0,0,0,0,0,0,0,0,0,150,481,0,0,0,0,0,0
2,1995,104,'970500000',210,,KG,0,1,1323,0,0,0,0,1,1323,0,0,0,0,0,0,0,0,0,0,0,0,0,0,0,0,0,0,0,0,0,0,0,0,0,0,0,0,0,0
2,1995,104,'970500000',213,,KG,0,2,638,0,0,0,0,0,0,0,0,0,0,0,0,0,0,0,0,2,638,0,0,0,0,0,0,0,0,0,0,0,0,0,0,0,0,0,0
2,1995,104,'970500000',215,,KG,0,1,3275,0,1,3275,0,0,0,0,0,0,0,0,0,0,0,0,0,0,0,0,0,0,0,0,0,0,0,0,0,0,0,0,0,0,0,0,0
2,1995,104,'970500000',230,,KG,0,1,2011,0,0,0,0,0,0,0,0,0,0,0,0,0,0,0,0,0,0,0,0,0,0,0,0,0,0,0,0,1,2011,0,0,0,0,0,0
2,1995,104,'970500000',302,,KG,0,94,6200,0,0,0,0,1,1603,0,1,1442,0,1,1321,0,0,0,0,0,0,0,91,1834,0,0,0,0,0,0,0,0,0,0,0,0,0,0,0
2,1995,104,'970500000',304,,KG,0,961,38334,0,0,2004,0,682,6728,0,14,3878,0,20,4565,0,227,4061,0,0,1054,0,0,0,0,8,5250,0,0,1028,0,5,1067,0,5,7642,0,0,1057
2,1995,104,'970500000',305,,KG,0,23,67901,0,5,9996,0,1,4229,0,3,6075,0,0,5790,0,1,1590,0,0,2961,0,1,5541,0,3,6653,0,0,3186,0,5,10705,0,3,7989,0,1,3186
2,1995,104,'970500000',501,,KG,0,474,678,0,0,0,0,0,0,0,0,0,0,0,0,0,0,0,0,174,215,0,0,0,0,0,0,0,130,250,0,0,0,0,170,213,0,0,0
2,1995,104,'970500000',601,,KG,0,0,3786,0,0,0,0,0,0,0,0,0,0,0,0,0,0,3786,0,0,0,0,0,0,0,0,0,0,0,0,0,0,0,0,0,0,0,0,0
2,1995,104,'970600000',103,,KG,0,6,2785,0,0,0,0,0,0,0,0,0,0,0,0,0,0,0,0,6,2785,0,0,0,0,0,0,0,0,0,0,0,0,0,0,0,0,0,0
2,1995,104,'970600000',105,,KG,0,66,21409,0,2,3261,0,0,0,0,5,399,0,0,0,0,3,1233,0,33,968,0,18,1473,0,0,0,0,1,517,0,0,370,0,1,12049,0,3,1139
2,1995,104,'970600000',108,,KG,0,18,3880,0,0,0,0,0,0,0,0,0,0,0,0,0,14,2220,0,0,0,0,0,0,0,0,0,0,0,0,0,0,0,0,0,0,0,4,1660
2,1995,104,'970600000',123,,KG,0,0,401,0,0,0,0,0,0,0,0,0,0,0,0,0,0,0,0,0,401,0,0,0,0,0,0,0,0,0,0,0,0,0,0,0,0,0,0
2,1995,104,'970600000',205,,KG,0,259,91114,0,26,10146,0,21,6538,0,3,5416,0,91,19154,0,30,4826,0,4,2037,0,12,9774,0,31,3386,0,25,7247,0,2,4116,0,4,6182,0,10,12292
2,1995,104,'970600000',207,,KG,0,5,496,0,0,0,0,0,0,0,0,0,0,0,0,0,0,0,0,0,0,0,0,0,0,0,0,0,0,0,0,0,0,0,0,0,0,5,496
2,1995,104,'970600000',210,,KG,0,0,1418,0,0,0,0,0,0,0,0,0,0,0,1018,0,0,0,0,0,0,0,0,0,0,0,0,0,0,400,0,0,0,0,0,0,0,0,0
2,1995,104,'970600000',213,,KG,0,140,14984,0,0,0,0,0,0,0,0,0,0,10,2416,0,105,8435,0,5,937,0,0,0,0,0,0,0,0,0,0,19,1361,0,1,1835,0,0,0
2,1995,104,'970600000',215,,KG,0,11,1691,0,1,576,0,0,0,0,0,0,0,0,0,0,0,0,0,0,0,0,10,1115,0,0,0,0,0,0,0,0,0,0,0,0,0,0,0
2,1995,104,'970600000',220,,KG,0,18,2226,0,0,0,0,0,0,0,0,0,0,0,0,0,0,0,0,0,0,0,0,0,0,0,428,0,18,1798,0,0,0,0,0,0,0,0,0
2,1995,104,'970600000',304,,KG,0,386,51652,0,11,719,0,282,4501,0,0,0,0,0,250,0,25,12628,0,28,523,0,3,991,0,0,0,0,0,0,0,5,29208,0,24,2421,0,8,411
