Exp or Imp,Year,Custom,HS,Country,Unit1,Unit2,Quantity1-Year,Quantity2-Year,Value-Year,Quantity1-Jan,Quantity2-Jan,Value-Jan,Quantity1-Feb,Quantity2-Feb,Value-Feb,Quantity1-Mar,Quantity2-Mar,Value-Mar,Quantity1-Apl,Quantity2-Apl,Value-Apl,Quantity1-May,Quantity2-May,Value-May,Quantity1-Jun,Quantity2-Jun,Value-Jun,Quantity1-Jul,Quantity2-Jul,Value-Jul,Quantity1-Aug,Quantity2-Aug,Value-Aug,Quantity1-Sep,Quantity2-Sep,Value-Sep,Quantity1-Oct,Quantity2-Oct,Value-Oct,Quantity1-Nov,Quantity2-Nov,Value-Nov,Quantity1-Dec,Quantity2-Dec,Value-Dec
2,2005,404,'610110010',105,NO,KG,5232,3679,18441,2022,906,4793,0,0,0,0,0,0,0,0,0,0,0,0,0,0,0,131,75,733,294,133,1786,170,205,1698,614,331,1797,2001,2029,7634,0,0,0
2,2005,404,'610110010',127,NO,KG,80,34,206,0,0,0,0,0,0,0,0,0,0,0,0,0,0,0,0,0,0,0,0,0,0,0,0,80,34,206,0,0,0,0,0,0,0,0,0
2,2005,404,'610110010',205,NO,KG,759,426,6563,0,0,0,0,0,0,0,0,0,0,0,0,0,0,0,0,0,0,395,197,3327,334,209,3031,30,20,205,0,0,0,0,0,0,0,0,0
2,2005,404,'610110010',210,NO,KG,97,95,822,0,0,0,0,0,0,0,0,0,0,0,0,0,0,0,0,0,0,0,0,0,97,95,822,0,0,0,0,0,0,0,0,0,0,0,0
2,2005,404,'610110010',217,NO,KG,48,36,472,0,0,0,0,0,0,0,0,0,0,0,0,0,0,0,0,0,0,0,0,0,0,0,0,0,0,0,48,36,472,0,0,0,0,0,0
2,2005,404,'610110010',220,NO,KG,299,202,7016,6,5,316,0,0,0,0,0,0,0,0,0,0,0,0,0,0,0,11,13,246,80,60,1722,137,80,3213,65,44,1519,0,0,0,0,0,0
2,2005,404,'610110010',304,NO,KG,11,22,231,0,0,0,0,0,0,0,0,0,0,0,0,0,0,0,0,0,0,0,0,0,0,0,0,0,0,0,0,0,0,11,22,231,0,0,0
2,2005,404,'610110020',105,NO,KG,144,72,522,0,0,0,0,0,0,0,0,0,0,0,0,0,0,0,0,0,0,0,0,0,0,0,0,0,0,0,0,0,0,144,72,522,0,0,0
2,2005,404,'610110020',220,NO,KG,199,118,4306,0,0,0,0,0,0,0,0,0,0,0,0,0,0,0,58,50,1097,0,0,0,45,20,756,0,0,0,96,48,2453,0,0,0,0,0,0
2,2005,404,'610110020',231,NO,KG,232,138,1711,0,0,0,0,0,0,0,0,0,0,0,0,0,0,0,0,0,0,0,0,0,0,0,0,232,138,1711,0,0,0,0,0,0,0,0,0
2,2005,404,'610120010',103,NO,KG,687,342,2030,0,0,0,0,0,0,237,103,729,0,0,0,0,0,0,0,0,0,0,0,0,0,0,0,200,118,547,0,0,0,250,121,754,0,0,0
2,2005,404,'610120010',105,NO,KG,56995,31213,81361,4251,2056,4260,2711,1674,4758,439,171,695,3022,528,2119,0,0,0,342,193,975,888,392,963,17697,10873,28274,8897,4381,15496,5748,3870,9451,7425,4135,8273,5575,2940,6097
2,2005,404,'610120010',111,NO,KG,276,161,380,0,0,0,0,0,0,0,0,0,276,161,380,0,0,0,0,0,0,0,0,0,0,0,0,0,0,0,0,0,0,0,0,0,0,0,0
2,2005,404,'610120010',118,NO,KG,377,184,2132,0,0,0,0,0,0,0,0,0,0,0,0,0,0,0,195,97,977,0,0,0,0,0,0,182,87,1155,0,0,0,0,0,0,0,0,0
2,2005,404,'610120010',120,NO,KG,173,70,710,0,0,0,0,0,0,0,0,0,0,0,0,0,0,0,0,0,0,0,0,0,173,70,710,0,0,0,0,0,0,0,0,0,0,0,0
2,2005,404,'610120010',123,NO,KG,546,320,2367,0,0,0,0,0,0,0,0,0,0,0,0,0,0,0,0,0,0,74,37,391,117,40,636,80,38,423,275,205,917,0,0,0,0,0,0
2,2005,404,'610120010',124,NO,KG,597,218,984,0,0,0,0,0,0,0,0,0,0,0,0,0,0,0,0,0,0,0,0,0,310,133,530,0,0,0,0,0,0,0,0,0,287,85,454
2,2005,404,'610120010',127,NO,KG,296,155,773,0,0,0,118,70,213,0,0,0,0,0,0,0,0,0,0,0,0,0,0,0,0,0,0,178,85,560,0,0,0,0,0,0,0,0,0
2,2005,404,'610120010',129,NO,KG,127,52,753,0,0,0,0,0,0,0,0,0,0,0,0,0,0,0,0,0,0,0,0,0,0,0,0,0,0,0,127,52,753,0,0,0,0,0,0
2,2005,404,'610120010',205,NO,KG,1625,891,12063,0,0,0,0,0,0,0,0,0,0,0,0,0,0,0,0,0,0,61,28,386,1452,786,10951,112,77,726,0,0,0,0,0,0,0,0,0
2,2005,404,'610120010',208,NO,KG,18,7,456,0,0,0,0,0,0,0,0,0,8,3,237,0,0,0,0,0,0,0,0,0,0,0,0,0,0,0,0,0,0,0,0,0,10,4,219
2,2005,404,'610120010',210,NO,KG,358,204,5102,0,0,0,0,0,0,0,0,0,0,0,0,0,0,0,0,0,0,0,0,0,117,73,3338,0,0,0,0,0,0,0,0,0,241,131,1764
2,2005,404,'610120010',217,NO,KG,206,135,773,0,0,0,145,87,300,0,0,0,0,0,0,0,0,0,0,0,0,0,0,0,0,0,0,0,0,0,61,48,473,0,0,0,0,0,0
2,2005,404,'610120010',220,NO,KG,2199,1410,32466,0,0,0,280,165,4507,155,57,1323,18,15,286,0,0,0,0,0,0,136,94,4527,548,358,5315,629,397,7326,276,233,6017,30,12,1058,127,79,2107
2,2005,404,'610120010',230,NO,KG,347,162,1509,0,0,0,58,34,268,0,0,0,138,56,443,0,0,0,0,0,0,0,0,0,0,0,0,151,72,798,0,0,0,0,0,0,0,0,0
2,2005,404,'610120010',232,NO,KG,1471,809,9221,0,0,0,0,0,0,0,0,0,0,0,0,0,0,0,0,0,0,0,0,0,1255,659,7847,216,150,1374,0,0,0,0,0,0,0,0,0
2,2005,404,'610120010',234,NO,KG,2811,1700,9187,0,0,0,272,54,682,0,0,0,430,240,1412,0,0,0,0,0,0,47,23,250,1408,985,4163,529,323,2454,0,0,0,0,0,0,125,75,226
2,2005,404,'610120010',239,NO,KG,1302,709,7907,0,0,0,0,0,0,0,0,0,0,0,0,0,0,0,0,0,0,0,0,0,0,0,0,1302,709,7907,0,0,0,0,0,0,0,0,0
2,2005,404,'610120010',304,NO,KG,1931,924,6372,0,0,0,286,96,820,0,0,0,0,0,0,0,0,0,70,63,412,277,109,537,0,0,0,426,188,2047,570,243,1380,302,225,1176,0,0,0
2,2005,404,'610120010',506,NO,KG,113,29,247,0,0,0,0,0,0,113,29,247,0,0,0,0,0,0,0,0,0,0,0,0,0,0,0,0,0,0,0,0,0,0,0,0,0,0,0
2,2005,404,'610120010',547,NO,KG,82,16,387,82,16,387,0,0,0,0,0,0,0,0,0,0,0,0,0,0,0,0,0,0,0,0,0,0,0,0,0,0,0,0,0,0,0,0,0
2,2005,404,'610120020',103,NO,KG,200,120,657,0,0,0,0,0,0,0,0,0,0,0,0,0,0,0,0,0,0,0,0,0,200,120,657,0,0,0,0,0,0,0,0,0,0,0,0
2,2005,404,'610120020',105,NO,KG,11579,4976,14806,5431,2549,7316,1489,595,1311,1620,382,2264,0,0,0,0,0,0,0,0,0,0,0,0,1083,469,1402,969,497,1601,842,344,672,0,0,0,145,140,240
2,2005,404,'610120020',220,NO,KG,90,82,2678,0,0,0,0,0,0,0,0,0,0,0,0,0,0,0,0,0,0,0,0,0,0,0,0,78,78,1827,0,0,0,0,0,0,12,4,851
2,2005,404,'610120020',304,NO,KG,143,50,264,0,0,0,0,0,0,0,0,0,0,0,0,0,0,0,0,0,0,0,0,0,143,50,264,0,0,0,0,0,0,0,0,0,0,0,0
2,2005,404,'610130011',103,NO,KG,1445,609,5771,80,35,273,205,65,606,0,0,0,0,0,0,0,0,0,0,0,0,247,148,1317,0,0,0,72,36,378,0,0,0,0,0,0,841,325,3197
2,2005,404,'610130011',105,NO,KG,138713,69621,219808,4565,2094,7864,13242,5906,15871,20136,9929,34857,5654,2839,8706,4743,2088,11072,114,34,289,2070,944,2589,19171,9483,22645,26663,14431,52414,10673,6933,20283,19727,9071,28240,11955,5869,14978
2,2005,404,'610130011',106,NO,KG,44,32,339,0,0,0,0,0,0,0,0,0,0,0,0,0,0,0,0,0,0,0,0,0,0,0,0,0,0,0,0,0,0,0,0,0,44,32,339
2,2005,404,'610130011',108,NO,KG,102,55,569,0,0,0,0,0,0,0,0,0,0,0,0,0,0,0,0,0,0,0,0,0,0,0,0,0,0,0,102,55,569,0,0,0,0,0,0
2,2005,404,'610130011',110,NO,KG,1633,817,4621,0,0,0,0,0,0,32,65,238,0,0,0,0,0,0,0,0,0,0,0,0,389,127,1050,0,0,0,1152,590,3077,60,35,256,0,0,0
2,2005,404,'610130011',111,NO,KG,230,129,347,0,0,0,0,0,0,0,0,0,230,129,347,0,0,0,0,0,0,0,0,0,0,0,0,0,0,0,0,0,0,0,0,0,0,0,0
2,2005,404,'610130011',117,NO,KG,247,93,1006,0,0,0,0,0,0,0,0,0,98,29,322,0,0,0,0,0,0,0,0,0,126,50,437,0,0,0,23,14,247,0,0,0,0,0,0
2,2005,404,'610130011',118,NO,KG,3636,2062,15534,194,27,311,0,0,0,0,0,0,746,371,2015,0,0,0,490,400,2525,1578,901,7135,0,0,0,168,84,883,460,279,2665,0,0,0,0,0,0
2,2005,404,'610130011',123,NO,KG,74,45,416,0,0,0,0,0,0,0,0,0,0,0,0,0,0,0,0,0,0,0,0,0,0,0,0,0,0,0,74,45,416,0,0,0,0,0,0
2,2005,404,'610130011',129,NO,KG,380,315,1962,314,282,1615,0,0,0,0,0,0,0,0,0,0,0,0,0,0,0,0,0,0,0,0,0,66,33,347,0,0,0,0,0,0,0,0,0
2,2005,404,'610130011',204,NO,KG,131,65,633,131,65,633,0,0,0,0,0,0,0,0,0,0,0,0,0,0,0,0,0,0,0,0,0,0,0,0,0,0,0,0,0,0,0,0,0
2,2005,404,'610130011',208,NO,KG,1167,705,2783,0,0,0,0,0,0,0,0,0,0,0,0,0,0,0,0,0,0,0,0,0,0,0,0,0,0,0,0,0,0,0,0,0,1167,705,2783
2,2005,404,'610130011',213,NO,KG,76,13,326,0,0,0,0,0,0,0,0,0,0,0,0,0,0,0,0,0,0,0,0,0,0,0,0,0,0,0,76,13,326,0,0,0,0,0,0
2,2005,404,'610130011',217,NO,KG,5821,3037,16889,0,0,0,0,0,0,0,0,0,0,0,0,5745,3000,16485,0,0,0,0,0,0,0,0,0,76,37,404,0,0,0,0,0,0,0,0,0
2,2005,404,'610130011',220,NO,KG,676,432,6666,52,19,411,0,0,0,0,0,0,204,130,1023,0,0,0,0,0,0,108,36,480,57,57,1069,62,34,763,193,156,2920,0,0,0,0,0,0
2,2005,404,'610130011',223,NO,KG,35,13,226,0,0,0,0,0,0,0,0,0,0,0,0,0,0,0,0,0,0,0,0,0,0,0,0,0,0,0,0,0,0,35,13,226,0,0,0
2,2005,404,'610130011',231,NO,KG,26,14,281,0,0,0,0,0,0,0,0,0,0,0,0,0,0,0,0,0,0,0,0,0,0,0,0,0,0,0,0,0,0,0,0,0,26,14,281
2,2005,404,'610130011',234,NO,KG,312,100,1100,0,0,0,0,0,0,0,0,0,0,0,0,0,0,0,0,0,0,125,50,460,0,0,0,187,50,640,0,0,0,0,0,0,0,0,0
2,2005,404,'610130011',236,NO,KG,83,36,526,0,0,0,0,0,0,0,0,0,0,0,0,0,0,0,0,0,0,0,0,0,0,0,0,0,0,0,83,36,526,0,0,0,0,0,0
2,2005,404,'610130011',304,NO,KG,1916,1436,13749,0,0,0,235,35,1508,55,48,332,0,0,0,0,0,0,0,0,0,0,0,0,284,227,1061,326,299,4300,827,724,5272,189,103,1276,0,0,0
2,2005,404,'610130011',305,NO,KG,303,120,1853,115,22,281,0,0,0,0,0,0,0,0,0,0,0,0,0,0,0,0,0,0,0,0,0,72,31,473,76,39,629,0,0,0,40,28,470
2,2005,404,'610130011',306,NO,KG,259,207,1159,0,0,0,0,0,0,0,0,0,0,0,0,0,0,0,0,0,0,0,0,0,259,207,1159,0,0,0,0,0,0,0,0,0,0,0,0
2,2005,404,'610130011',401,NO,KG,471,195,3004,0,0,0,0,0,0,0,0,0,0,0,0,0,0,0,0,0,0,0,0,0,0,0,0,414,157,2387,57,38,617,0,0,0,0,0,0
2,2005,404,'610130019',105,NO,KG,32,18,380,0,0,0,0,0,0,0,0,0,0,0,0,0,0,0,0,0,0,32,18,380,0,0,0,0,0,0,0,0,0,0,0,0,0,0,0
2,2005,404,'610130020',103,NO,KG,300,180,932,200,120,615,0,0,0,100,60,317,0,0,0,0,0,0,0,0,0,0,0,0,0,0,0,0,0,0,0,0,0,0,0,0,0,0,0
2,2005,404,'610130020',105,NO,KG,6124,3597,8733,0,0,0,657,441,972,397,79,705,0,0,0,0,0,0,0,0,0,0,0,0,3176,2102,3228,1084,700,2914,548,108,349,262,167,565,0,0,0
2,2005,404,'610130020',208,NO,KG,150,81,361,0,0,0,0,0,0,0,0,0,0,0,0,0,0,0,0,0,0,0,0,0,0,0,0,0,0,0,0,0,0,150,81,361,0,0,0
2,2005,404,'610130020',410,NO,KG,145,63,289,145,63,289,0,0,0,0,0,0,0,0,0,0,0,0,0,0,0,0,0,0,0,0,0,0,0,0,0,0,0,0,0,0,0,0,0
2,2005,404,'610210010',103,NO,KG,195,97,358,0,0,0,0,0,0,0,0,0,0,0,0,0,0,0,0,0,0,0,0,0,0,0,0,0,0,0,195,97,358,0,0,0,0,0,0
2,2005,404,'610210010',105,NO,KG,29897,18979,98697,9983,8216,22597,0,0,0,0,0,0,0,0,0,0,0,0,0,0,0,500,297,1961,452,291,4301,4580,2398,16728,7372,3752,29092,4701,2494,16355,2309,1531,7663
2,2005,404,'610210010',108,NO,KG,35,25,320,0,0,0,0,0,0,0,0,0,0,0,0,0,0,0,0,0,0,0,0,0,0,0,0,35,25,320,0,0,0,0,0,0,0,0,0
2,2005,404,'610210010',123,NO,KG,660,330,858,0,0,0,0,0,0,0,0,0,0,0,0,0,0,0,0,0,0,0,0,0,0,0,0,0,0,0,660,330,858,0,0,0,0,0,0
2,2005,404,'610210010',205,NO,KG,1365,617,13902,0,0,0,0,0,0,0,0,0,0,0,0,0,0,0,0,0,0,672,268,5510,518,300,4643,0,0,0,48,12,1118,0,0,0,127,37,2631
2,2005,404,'610210010',206,NO,KG,361,146,1675,0,0,0,0,0,0,0,0,0,0,0,0,0,0,0,0,0,0,0,0,0,0,0,0,0,0,0,208,84,930,153,62,745,0,0,0
2,2005,404,'610210010',208,NO,KG,48,28,1025,0,0,0,0,0,0,0,0,0,0,0,0,0,0,0,0,0,0,0,0,0,18,15,428,30,13,597,0,0,0,0,0,0,0,0,0
2,2005,404,'610210010',210,NO,KG,109,73,2500,0,0,0,0,0,0,0,0,0,0,0,0,0,0,0,0,0,0,0,0,0,51,44,1575,0,0,0,0,0,0,58,29,925,0,0,0
2,2005,404,'610210010',220,NO,KG,1990,1040,51243,16,9,1003,0,0,0,4,2,218,0,0,0,0,0,0,253,122,9864,307,103,5998,500,357,15985,672,286,13359,222,148,3686,16,13,1130,0,0,0
2,2005,404,'610210010',225,NO,KG,214,140,3186,0,0,0,0,0,0,0,0,0,0,0,0,0,0,0,0,0,0,0,0,0,50,21,465,135,90,2053,29,29,668,0,0,0,0,0,0
2,2005,404,'610210010',408,NO,KG,47,25,554,0,0,0,0,0,0,0,0,0,0,0,0,0,0,0,0,0,0,0,0,0,47,25,554,0,0,0,0,0,0,0,0,0,0,0,0
2,2005,404,'610210020',105,NO,KG,16462,8020,49612,268,120,517,0,0,0,120,15,237,322,57,655,55,18,243,0,0,0,388,121,3383,1238,477,3928,2930,1445,10137,7279,4040,21011,2680,1335,7525,1182,392,1976
2,2005,404,'610210020',205,NO,KG,54,32,543,0,0,0,0,0,0,0,0,0,0,0,0,0,0,0,0,0,0,18,15,239,0,0,0,36,17,304,0,0,0,0,0,0,0,0,0
2,2005,404,'610210020',210,NO,KG,2,4,676,0,0,0,0,0,0,0,0,0,0,0,0,0,0,0,0,0,0,0,0,0,0,0,0,1,2,205,0,0,0,1,2,471,0,0,0
2,2005,404,'610210020',215,NO,KG,50,35,3023,0,0,0,0,0,0,0,0,0,0,0,0,0,0,0,0,0,0,0,0,0,0,0,0,50,35,3023,0,0,0,0,0,0,0,0,0
2,2005,404,'610210020',220,NO,KG,547,429,15034,29,16,448,65,22,1182,0,0,0,14,4,209,9,3,404,5,1,455,286,297,8803,92,53,2003,47,33,1530,0,0,0,0,0,0,0,0,0
2,2005,404,'610210020',304,NO,KG,26,9,670,0,0,0,0,0,0,0,0,0,0,0,0,0,0,0,0,0,0,0,0,0,0,0,0,0,0,0,26,9,670,0,0,0,0,0,0
2,2005,404,'610220010',103,NO,KG,5414,2044,6676,0,0,0,0,0,0,529,255,1583,0,0,0,639,202,666,786,173,677,358,131,241,705,324,1510,617,217,678,386,103,274,279,79,204,1115,560,843
2,2005,404,'610220010',105,NO,KG,202186,83032,218267,10746,3980,12111,2608,803,2268,19283,6896,13706,13624,4524,13177,3998,1027,3554,8559,2651,7946,18201,5270,12996,29036,14379,43217,49690,20230,40651,19272,9843,26899,10371,6051,20731,16798,7378,21011
2,2005,404,'610220010',110,NO,KG,992,267,1523,0,0,0,0,0,0,218,72,883,0,0,0,0,0,0,0,0,0,0,0,0,0,0,0,315,85,381,0,0,0,0,0,0,459,110,259
2,2005,404,'610220010',111,NO,KG,416,213,723,0,0,0,0,0,0,0,0,0,156,82,205,0,0,0,0,0,0,0,0,0,0,0,0,0,0,0,0,0,0,0,0,0,260,131,518
2,2005,404,'610220010',118,NO,KG,1471,508,1967,0,0,0,0,0,0,295,114,332,0,0,0,0,0,0,0,0,0,0,0,0,0,0,0,344,155,417,323,87,626,509,152,592,0,0,0
2,2005,404,'610220010',123,NO,KG,6711,2933,8176,0,0,0,55,33,271,0,0,0,84,16,206,0,0,0,0,0,0,0,0,0,5444,2350,5133,990,445,1877,138,89,689,0,0,0,0,0,0
2,2005,404,'610220010',127,NO,KG,171,48,453,0,0,0,77,30,248,94,18,205,0,0,0,0,0,0,0,0,0,0,0,0,0,0,0,0,0,0,0,0,0,0,0,0,0,0,0
2,2005,404,'610220010',205,NO,KG,1856,1074,11526,0,0,0,0,0,0,0,0,0,0,0,0,0,0,0,0,0,0,0,0,0,1713,1027,10756,0,0,0,143,47,770,0,0,0,0,0,0
2,2005,404,'610220010',208,NO,KG,16,6,309,0,0,0,0,0,0,16,6,309,0,0,0,0,0,0,0,0,0,0,0,0,0,0,0,0,0,0,0,0,0,0,0,0,0,0,0
2,2005,404,'610220010',210,NO,KG,3309,1854,23022,58,26,1153,0,0,0,0,0,0,0,0,0,0,0,0,0,0,0,0,0,0,0,0,0,86,48,1118,0,0,0,0,0,0,3165,1780,20751
2,2005,404,'610220010',213,NO,KG,43,30,275,0,0,0,0,0,0,0,0,0,0,0,0,0,0,0,0,0,0,0,0,0,0,0,0,0,0,0,0,0,0,0,0,0,43,30,275
2,2005,404,'610220010',217,NO,KG,273,210,509,0,0,0,0,0,0,0,0,0,0,0,0,0,0,0,0,0,0,0,0,0,0,0,0,71,34,258,202,176,251,0,0,0,0,0,0
2,2005,404,'610220010',220,NO,KG,3306,1915,32026,5,5,299,416,143,3986,157,53,1105,0,0,0,0,0,0,0,0,0,714,522,9977,556,303,3000,643,513,7082,446,223,2012,90,41,3082,279,112,1483
2,2005,404,'610220010',230,NO,KG,394,144,1638,0,0,0,121,60,483,0,0,0,80,17,317,0,0,0,0,0,0,0,0,0,193,67,838,0,0,0,0,0,0,0,0,0,0,0,0
2,2005,404,'610220010',231,NO,KG,116,69,304,0,0,0,116,69,304,0,0,0,0,0,0,0,0,0,0,0,0,0,0,0,0,0,0,0,0,0,0,0,0,0,0,0,0,0,0
2,2005,404,'610220010',232,NO,KG,757,520,4281,0,0,0,0,0,0,0,0,0,0,0,0,0,0,0,0,0,0,0,0,0,0,0,0,757,520,4281,0,0,0,0,0,0,0,0,0
2,2005,404,'610220010',234,NO,KG,2091,794,6223,0,0,0,0,0,0,0,0,0,0,0,0,0,0,0,0,0,0,42,42,234,70,20,288,858,380,4268,282,63,288,839,289,1145,0,0,0
2,2005,404,'610220010',239,NO,KG,86,25,316,0,0,0,0,0,0,0,0,0,0,0,0,0,0,0,0,0,0,0,0,0,86,25,316,0,0,0,0,0,0,0,0,0,0,0,0
2,2005,404,'610220010',304,NO,KG,2335,973,10316,0,0,0,0,0,0,111,42,773,0,0,0,0,0,0,63,56,221,0,0,0,1231,491,6330,247,95,1013,300,98,877,0,0,0,383,191,1102
2,2005,404,'610220010',410,NO,KG,99,79,321,0,0,0,0,0,0,0,0,0,0,0,0,0,0,0,0,0,0,0,0,0,99,79,321,0,0,0,0,0,0,0,0,0,0,0,0
2,2005,404,'610220010',501,NO,KG,68,30,245,0,0,0,0,0,0,0,0,0,0,0,0,0,0,0,0,0,0,0,0,0,0,0,0,68,30,245,0,0,0,0,0,0,0,0,0
2,2005,404,'610220020',103,NO,KG,752,203,1288,0,0,0,370,122,767,0,0,0,0,0,0,0,0,0,212,47,217,0,0,0,170,34,304,0,0,0,0,0,0,0,0,0,0,0,0
2,2005,404,'610220020',105,NO,KG,49946,15874,52993,1843,773,2721,933,302,971,14719,4320,18731,6940,2187,4849,1137,182,846,1201,254,711,4758,1306,3283,7710,2121,6162,6537,2840,8264,2354,795,4434,98,88,238,1716,706,1783
2,2005,404,'610220020',118,NO,KG,621,169,817,0,0,0,0,0,0,0,0,0,0,0,0,0,0,0,0,0,0,0,0,0,344,73,352,0,0,0,277,96,465,0,0,0,0,0,0
2,2005,404,'610220020',205,NO,KG,270,133,1449,0,0,0,0,0,0,0,0,0,0,0,0,0,0,0,0,0,0,270,133,1449,0,0,0,0,0,0,0,0,0,0,0,0,0,0,0
2,2005,404,'610220020',213,NO,KG,76,27,277,0,0,0,0,0,0,0,0,0,0,0,0,0,0,0,0,0,0,0,0,0,0,0,0,76,27,277,0,0,0,0,0,0,0,0,0
2,2005,404,'610220020',220,NO,KG,479,151,5789,199,86,3856,152,30,835,55,10,354,54,15,522,0,0,0,19,10,222,0,0,0,0,0,0,0,0,0,0,0,0,0,0,0,0,0,0
2,2005,404,'610230011',103,NO,KG,4329,1585,4595,0,0,0,0,0,0,0,0,0,0,0,0,178,53,347,0,0,0,359,80,482,668,258,992,0,0,0,535,124,384,1026,403,708,1563,667,1682
2,2005,404,'610230011',105,NO,KG,176064,79567,245649,8389,3933,11010,3847,1410,5761,16814,6613,10930,6667,2134,5082,0,0,0,3214,917,5745,4905,1652,6250,11545,4974,18103,32394,15234,51323,32692,14751,48120,24593,12566,38593,31004,15383,44732
2,2005,404,'610230011',106,NO,KG,110,29,229,110,29,229,0,0,0,0,0,0,0,0,0,0,0,0,0,0,0,0,0,0,0,0,0,0,0,0,0,0,0,0,0,0,0,0,0
2,2005,404,'610230011',110,NO,KG,3957,1818,9132,0,0,0,0,0,0,0,0,0,0,0,0,0,0,0,0,0,0,0,0,0,1883,800,3282,729,342,1975,1173,591,3386,172,85,489,0,0,0
2,2005,404,'610230011',111,NO,KG,17,7,306,0,0,0,0,0,0,0,0,0,0,0,0,0,0,0,0,0,0,0,0,0,0,0,0,0,0,0,0,0,0,17,7,306,0,0,0
2,2005,404,'610230011',113,NO,KG,651,277,706,0,0,0,0,0,0,0,0,0,651,277,706,0,0,0,0,0,0,0,0,0,0,0,0,0,0,0,0,0,0,0,0,0,0,0,0
2,2005,404,'610230011',118,NO,KG,730,104,636,251,35,361,0,0,0,479,69,275,0,0,0,0,0,0,0,0,0,0,0,0,0,0,0,0,0,0,0,0,0,0,0,0,0,0,0
2,2005,404,'610230011',123,NO,KG,68,40,334,0,0,0,0,0,0,0,0,0,0,0,0,0,0,0,0,0,0,0,0,0,0,0,0,0,0,0,68,40,334,0,0,0,0,0,0
2,2005,404,'610230011',204,NO,KG,57,20,203,57,20,203,0,0,0,0,0,0,0,0,0,0,0,0,0,0,0,0,0,0,0,0,0,0,0,0,0,0,0,0,0,0,0,0,0
2,2005,404,'610230011',210,NO,KG,62,28,623,0,0,0,0,0,0,0,0,0,0,0,0,0,0,0,0,0,0,0,0,0,24,8,222,0,0,0,38,20,401,0,0,0,0,0,0
2,2005,404,'610230011',217,NO,KG,596,138,3323,0,0,0,368,55,2362,174,53,561,0,0,0,0,0,0,0,0,0,0,0,0,0,0,0,0,0,0,54,30,400,0,0,0,0,0,0
2,2005,404,'610230011',220,NO,KG,1615,485,6847,0,0,0,215,52,463,86,20,251,0,0,0,0,0,0,0,0,0,61,10,238,340,142,2104,224,79,2389,115,60,457,574,122,945,0,0,0
2,2005,404,'610230011',234,NO,KG,988,395,3579,30,69,348,0,0,0,0,0,0,0,0,0,0,0,0,0,0,0,56,11,280,76,20,270,392,122,1133,0,0,0,290,145,1176,144,28,372
2,2005,404,'610230011',236,NO,KG,194,90,1090,0,0,0,0,0,0,0,0,0,0,0,0,0,0,0,0,0,0,0,0,0,0,0,0,0,0,0,194,90,1090,0,0,0,0,0,0
2,2005,404,'610230011',240,NO,KG,39,12,254,0,0,0,0,0,0,0,0,0,0,0,0,0,0,0,0,0,0,0,0,0,0,0,0,0,0,0,39,12,254,0,0,0,0,0,0
2,2005,404,'610230011',302,NO,KG,140,40,316,0,0,0,0,0,0,140,40,316,0,0,0,0,0,0,0,0,0,0,0,0,0,0,0,0,0,0,0,0,0,0,0,0,0,0,0
2,2005,404,'610230011',304,NO,KG,365,127,1426,140,25,463,0,0,0,0,0,0,0,0,0,0,0,0,0,0,0,0,0,0,0,0,0,0,0,0,225,102,963,0,0,0,0,0,0
2,2005,404,'610230011',410,NO,KG,89,71,421,0,0,0,0,0,0,0,0,0,0,0,0,0,0,0,0,0,0,0,0,0,89,71,421,0,0,0,0,0,0,0,0,0,0,0,0
2,2005,404,'610230011',504,NO,KG,403,237,2791,0,0,0,0,0,0,0,0,0,0,0,0,0,0,0,0,0,0,315,186,2178,88,51,613,0,0,0,0,0,0,0,0,0,0,0,0
2,2005,404,'610230019',105,NO,KG,7061,2993,14143,563,218,2013,0,0,0,1329,411,2767,326,93,479,0,0,0,0,0,0,0,0,0,576,112,980,0,0,0,2480,911,4444,1303,816,2692,484,432,768
2,2005,404,'610230019',123,NO,KG,1055,129,665,215,51,247,0,0,0,0,0,0,0,0,0,840,78,418,0,0,0,0,0,0,0,0,0,0,0,0,0,0,0,0,0,0,0,0,0
2,2005,404,'610230019',220,NO,KG,535,147,3685,28,17,768,390,61,1313,0,0,0,0,0,0,0,0,0,0,0,0,0,0,0,0,0,0,33,14,285,84,55,1319,0,0,0,0,0,0
2,2005,404,'610230019',304,NO,KG,106,32,261,0,0,0,0,0,0,0,0,0,0,0,0,0,0,0,0,0,0,0,0,0,0,0,0,0,0,0,0,0,0,106,32,261,0,0,0
2,2005,404,'610230021',103,NO,KG,3348,1708,8053,0,0,0,0,0,0,0,0,0,0,0,0,249,36,228,0,0,0,0,0,0,105,39,286,0,0,0,573,324,1373,1010,677,2430,1411,632,3736
2,2005,404,'610230021',105,NO,KG,31789,15265,42784,846,351,1248,1379,454,2065,1344,669,2167,275,71,361,0,0,0,0,0,0,923,392,766,2431,831,2180,7416,2776,9999,2011,587,1685,9139,5447,13673,6025,3687,8640
2,2005,404,'610230021',210,NO,KG,85,48,664,0,0,0,0,0,0,0,0,0,0,0,0,0,0,0,0,0,0,0,0,0,24,12,419,61,36,245,0,0,0,0,0,0,0,0,0
2,2005,404,'610230021',220,NO,KG,1425,792,5910,0,0,0,0,0,0,0,0,0,0,0,0,0,0,0,0,0,0,0,0,0,1425,792,5910,0,0,0,0,0,0,0,0,0,0,0,0
2,2005,404,'610230021',234,NO,KG,400,180,1303,0,0,0,0,0,0,0,0,0,400,180,1303,0,0,0,0,0,0,0,0,0,0,0,0,0,0,0,0,0,0,0,0,0,0,0,0
2,2005,404,'610230029',105,NO,KG,6587,1780,11168,0,0,0,918,218,1659,1649,310,1569,1494,326,2534,0,0,0,0,0,0,211,72,327,148,73,369,988,233,941,849,441,2911,202,72,481,128,35,377
2,2005,404,'610290010',105,NO,KG,889,364,2321,0,0,0,0,0,0,0,0,0,446,157,365,0,0,0,0,0,0,72,25,731,0,0,0,371,182,1225,0,0,0,0,0,0,0,0,0
2,2005,404,'610290010',204,NO,KG,6,18,267,0,0,0,0,0,0,0,0,0,0,0,0,0,0,0,0,0,0,0,0,0,0,0,0,6,18,267,0,0,0,0,0,0,0,0,0
2,2005,404,'610290010',220,NO,KG,36,15,789,0,0,0,0,0,0,0,0,0,0,0,0,0,0,0,19,8,519,17,7,270,0,0,0,0,0,0,0,0,0,0,0,0,0,0,0
2,2005,404,'610290020',105,NO,KG,591,299,2575,0,0,0,0,0,0,0,0,0,0,0,0,0,0,0,0,0,0,0,0,0,94,28,541,46,32,235,278,147,1043,51,44,250,122,48,506
2,2005,404,'610290020',220,NO,KG,57,17,443,0,0,0,57,17,443,0,0,0,0,0,0,0,0,0,0,0,0,0,0,0,0,0,0,0,0,0,0,0,0,0,0,0,0,0,0
2,2005,404,'610311020',220,NO,KG,130,141,4804,0,0,0,0,0,0,0,0,0,0,0,0,0,0,0,0,0,0,0,0,0,0,0,0,0,0,0,0,0,0,130,141,4804,0,0,0
2,2005,404,'610319010',220,NO,KG,19,19,1147,0,0,0,19,19,1147,0,0,0,0,0,0,0,0,0,0,0,0,0,0,0,0,0,0,0,0,0,0,0,0,0,0,0,0,0,0
2,2005,404,'610322010',105,NO,KG,5456,2874,5455,0,0,0,0,0,0,0,0,0,0,0,0,4096,1861,3916,200,123,238,0,0,0,580,490,676,580,400,625,0,0,0,0,0,0,0,0,0
2,2005,404,'610322020',105,NO,KG,1656,486,847,0,0,0,0,0,0,0,0,0,1136,169,347,0,0,0,520,317,500,0,0,0,0,0,0,0,0,0,0,0,0,0,0,0,0,0,0
2,2005,404,'610323010',105,NO,KG,10525,7288,11099,810,554,284,0,0,0,3293,2913,2934,2423,1621,4437,1382,754,1794,0,0,0,585,183,373,0,0,0,2032,1263,1277,0,0,0,0,0,0,0,0,0
2,2005,404,'610323010',118,NO,KG,813,447,1131,0,0,0,0,0,0,813,447,1131,0,0,0,0,0,0,0,0,0,0,0,0,0,0,0,0,0,0,0,0,0,0,0,0,0,0,0
2,2005,404,'610323020',105,NO,KG,5756,3441,4132,0,0,0,0,0,0,3756,2541,2462,2000,900,1670,0,0,0,0,0,0,0,0,0,0,0,0,0,0,0,0,0,0,0,0,0,0,0,0
2,2005,404,'610331010',205,NO,KG,79,45,1145,0,0,0,0,0,0,0,0,0,0,0,0,0,0,0,0,0,0,0,0,0,54,29,910,25,16,235,0,0,0,0,0,0,0,0,0
2,2005,404,'610331010',220,NO,KG,335,252,6645,0,0,0,0,0,0,0,0,0,0,0,0,0,0,0,0,0,0,5,5,275,33,18,1305,279,219,4778,18,10,287,0,0,0,0,0,0
2,2005,404,'610331010',225,NO,KG,70,41,800,0,0,0,0,0,0,0,0,0,0,0,0,0,0,0,0,0,0,0,0,0,0,0,0,70,41,800,0,0,0,0,0,0,0,0,0
2,2005,404,'610331010',407,NO,KG,138,74,1225,0,0,0,0,0,0,0,0,0,0,0,0,0,0,0,0,0,0,0,0,0,0,0,0,0,0,0,138,74,1225,0,0,0,0,0,0
2,2005,404,'610331020',105,NO,KG,160,46,1096,0,0,0,0,0,0,0,0,0,0,0,0,0,0,0,0,0,0,0,0,0,0,0,0,0,0,0,0,0,0,160,46,1096,0,0,0
2,2005,404,'610331020',220,NO,KG,22,20,545,0,0,0,0,0,0,0,0,0,0,0,0,0,0,0,0,0,0,0,0,0,0,0,0,22,20,545,0,0,0,0,0,0,0,0,0
2,2005,404,'610332010',105,NO,KG,12676,5451,16088,1175,407,2860,647,415,1527,0,0,0,3347,1043,1466,0,0,0,277,94,339,783,283,896,0,0,0,3171,1600,5067,142,80,546,0,0,0,3134,1529,3387
2,2005,404,'610332010',108,NO,KG,80,48,709,0,0,0,0,0,0,0,0,0,0,0,0,0,0,0,0,0,0,0,0,0,0,0,0,0,0,0,0,0,0,80,48,709,0,0,0
2,2005,404,'610332010',217,NO,KG,910,313,2847,0,0,0,0,0,0,0,0,0,0,0,0,0,0,0,0,0,0,0,0,0,910,313,2847,0,0,0,0,0,0,0,0,0,0,0,0
2,2005,404,'610332010',220,NO,KG,559,304,5473,28,18,351,109,57,1354,120,75,1476,0,0,0,0,0,0,46,27,517,10,5,516,111,55,341,127,63,628,8,4,290,0,0,0,0,0,0
2,2005,404,'610332010',234,NO,KG,800,548,2088,0,0,0,650,429,1711,0,0,0,0,0,0,0,0,0,0,0,0,150,119,377,0,0,0,0,0,0,0,0,0,0,0,0,0,0,0
2,2005,404,'610332010',304,NO,KG,1512,1773,8161,69,69,237,0,0,0,144,57,288,0,0,0,0,0,0,0,0,0,44,30,222,104,125,556,391,699,2084,404,400,2491,222,265,1438,134,128,845
2,2005,404,'610332020',105,NO,KG,5726,3806,10685,0,0,0,0,0,0,945,552,2860,2419,1769,4157,0,0,0,0,0,0,1128,928,1072,718,343,1723,516,214,873,0,0,0,0,0,0,0,0,0
2,2005,404,'610332020',111,NO,KG,294,215,284,0,0,0,0,0,0,0,0,0,0,0,0,0,0,0,0,0,0,0,0,0,0,0,0,0,0,0,0,0,0,0,0,0,294,215,284
2,2005,404,'610332020',220,NO,KG,276,73,2821,170,33,1095,36,12,645,51,15,863,0,0,0,0,0,0,0,0,0,19,13,218,0,0,0,0,0,0,0,0,0,0,0,0,0,0,0
2,2005,404,'610332020',302,NO,KG,347,200,1254,0,0,0,0,0,0,0,0,0,0,0,0,0,0,0,0,0,0,0,0,0,0,0,0,347,200,1254,0,0,0,0,0,0,0,0,0
2,2005,404,'610332020',407,NO,KG,70,18,339,0,0,0,0,0,0,70,18,339,0,0,0,0,0,0,0,0,0,0,0,0,0,0,0,0,0,0,0,0,0,0,0,0,0,0,0
2,2005,404,'610333010',103,NO,KG,232,116,828,0,0,0,0,0,0,0,0,0,0,0,0,0,0,0,232,116,828,0,0,0,0,0,0,0,0,0,0,0,0,0,0,0,0,0,0
2,2005,404,'610333010',105,NO,KG,2111,1105,5508,0,0,0,326,163,1129,138,40,225,0,0,0,0,0,0,0,0,0,0,0,0,0,0,0,1600,855,3947,47,47,207,0,0,0,0,0,0
2,2005,404,'610333010',110,NO,KG,47,53,280,0,0,0,0,0,0,0,0,0,0,0,0,0,0,0,0,0,0,0,0,0,0,0,0,0,0,0,47,53,280,0,0,0,0,0,0
2,2005,404,'610333010',111,NO,KG,663,272,911,0,0,0,0,0,0,0,0,0,0,0,0,60,22,279,0,0,0,0,0,0,0,0,0,0,0,0,603,250,632,0,0,0,0,0,0
2,2005,404,'610333010',129,NO,KG,500,343,332,0,0,0,0,0,0,0,0,0,0,0,0,0,0,0,0,0,0,0,0,0,0,0,0,500,343,332,0,0,0,0,0,0,0,0,0
2,2005,404,'610333010',207,NO,KG,292,135,1595,0,0,0,101,35,404,0,0,0,0,0,0,0,0,0,0,0,0,0,0,0,143,80,774,0,0,0,48,20,417,0,0,0,0,0,0
2,2005,404,'610333010',217,NO,KG,349,144,2450,0,0,0,0,0,0,0,0,0,127,80,436,0,0,0,0,0,0,0,0,0,168,44,1485,0,0,0,0,0,0,54,20,529,0,0,0
2,2005,404,'610333010',234,NO,KG,225,78,986,0,0,0,0,0,0,0,0,0,0,0,0,0,0,0,0,0,0,225,78,986,0,0,0,0,0,0,0,0,0,0,0,0,0,0,0
2,2005,404,'610333010',240,NO,KG,211,77,1544,0,0,0,0,0,0,0,0,0,0,0,0,0,0,0,0,0,0,0,0,0,0,0,0,90,25,792,121,52,752,0,0,0,0,0,0
2,2005,404,'610333010',241,NO,KG,23,15,436,0,0,0,0,0,0,0,0,0,0,0,0,0,0,0,0,0,0,0,0,0,0,0,0,0,0,0,23,15,436,0,0,0,0,0,0
2,2005,404,'610333010',304,NO,KG,79,63,689,0,0,0,0,0,0,0,0,0,0,0,0,0,0,0,0,0,0,0,0,0,0,0,0,79,63,689,0,0,0,0,0,0,0,0,0
2,2005,404,'610333020',105,NO,KG,90,73,290,0,0,0,0,0,0,0,0,0,0,0,0,0,0,0,0,0,0,0,0,0,0,0,0,0,0,0,0,0,0,90,73,290,0,0,0
2,2005,404,'610339020',105,NO,KG,445,254,2104,0,0,0,0,0,0,0,0,0,0,0,0,0,0,0,0,0,0,0,0,0,0,0,0,445,254,2104,0,0,0,0,0,0,0,0,0
2,2005,404,'610341010',105,NO,KG,248,215,469,248,215,469,0,0,0,0,0,0,0,0,0,0,0,0,0,0,0,0,0,0,0,0,0,0,0,0,0,0,0,0,0,0,0,0,0
2,2005,404,'610341020',210,NO,KG,2,3,210,0,0,0,0,0,0,0,0,0,0,0,0,0,0,0,0,0,0,0,0,0,0,0,0,0,0,0,0,0,0,0,0,0,2,3,210
2,2005,404,'610342010',105,NO,KG,106789,27889,54905,2028,553,2267,7224,2672,5092,18530,3855,10012,22929,5891,8850,3546,984,3181,2169,823,1652,5928,2150,3554,8392,2065,4768,9672,3306,5878,9419,2269,2281,3938,1000,2271,13014,2321,5099
2,2005,404,'610342010',111,NO,KG,904,192,761,0,0,0,178,20,209,0,0,0,0,0,0,0,0,0,0,0,0,0,0,0,0,0,0,726,172,552,0,0,0,0,0,0,0,0,0
2,2005,404,'610342010',118,NO,KG,5756,766,3389,1318,321,1567,0,0,0,0,0,0,4438,445,1822,0,0,0,0,0,0,0,0,0,0,0,0,0,0,0,0,0,0,0,0,0,0,0,0
2,2005,404,'610342010',122,NO,KG,158,78,451,0,0,0,158,78,451,0,0,0,0,0,0,0,0,0,0,0,0,0,0,0,0,0,0,0,0,0,0,0,0,0,0,0,0,0,0
2,2005,404,'610342010',205,NO,KG,71,28,348,71,28,348,0,0,0,0,0,0,0,0,0,0,0,0,0,0,0,0,0,0,0,0,0,0,0,0,0,0,0,0,0,0,0,0,0
2,2005,404,'610342010',208,NO,KG,50,13,577,0,0,0,0,0,0,0,0,0,0,0,0,0,0,0,0,0,0,0,0,0,0,0,0,0,0,0,0,0,0,0,0,0,50,13,577
2,2005,404,'610342010',220,NO,KG,526,229,6012,85,40,1094,59,28,449,78,24,683,0,0,0,0,0,0,20,8,222,150,71,1930,130,56,1418,0,0,0,0,0,0,0,0,0,4,2,216
2,2005,404,'610342010',230,NO,KG,831,235,3090,250,50,1025,258,91,1007,323,94,1058,0,0,0,0,0,0,0,0,0,0,0,0,0,0,0,0,0,0,0,0,0,0,0,0,0,0,0
2,2005,404,'610342010',232,NO,KG,248,86,860,0,0,0,0,0,0,0,0,0,0,0,0,248,86,860,0,0,0,0,0,0,0,0,0,0,0,0,0,0,0,0,0,0,0,0,0
2,2005,404,'610342010',234,NO,KG,894,487,2014,316,187,671,167,94,334,0,0,0,0,0,0,114,29,369,0,0,0,0,0,0,0,0,0,0,0,0,234,164,376,63,13,264,0,0,0
2,2005,404,'610342010',304,NO,KG,417,115,2073,0,0,0,0,0,0,0,0,0,0,0,0,0,0,0,0,0,0,0,0,0,61,17,319,213,56,1001,45,16,255,53,15,252,45,11,246
2,2005,404,'610342010',501,NO,KG,118,64,662,0,0,0,0,0,0,0,0,0,118,64,662,0,0,0,0,0,0,0,0,0,0,0,0,0,0,0,0,0,0,0,0,0,0,0,0
2,2005,404,'610342020',105,NO,KG,58410,10022,25702,8328,1791,4996,962,223,743,9451,1296,3376,14062,1678,4080,10770,1763,4683,3629,977,1827,6250,633,1462,2916,1025,2217,1431,580,1971,0,0,0,0,0,0,611,56,347
2,2005,404,'610342020',111,NO,KG,324,67,383,0,0,0,0,0,0,324,67,383,0,0,0,0,0,0,0,0,0,0,0,0,0,0,0,0,0,0,0,0,0,0,0,0,0,0,0
2,2005,404,'610342020',220,NO,KG,21,7,207,0,0,0,21,7,207,0,0,0,0,0,0,0,0,0,0,0,0,0,0,0,0,0,0,0,0,0,0,0,0,0,0,0,0,0,0
2,2005,404,'610342020',230,NO,KG,142,41,552,0,0,0,142,41,552,0,0,0,0,0,0,0,0,0,0,0,0,0,0,0,0,0,0,0,0,0,0,0,0,0,0,0,0,0,0
2,2005,404,'610342020',304,NO,KG,154,60,317,0,0,0,154,60,317,0,0,0,0,0,0,0,0,0,0,0,0,0,0,0,0,0,0,0,0,0,0,0,0,0,0,0,0,0,0
2,2005,404,'610343010',103,NO,KG,74,25,646,0,0,0,0,0,0,0,0,0,0,0,0,0,0,0,0,0,0,0,0,0,0,0,0,74,25,646,0,0,0,0,0,0,0,0,0
2,2005,404,'610343010',105,NO,KG,291337,95428,233462,16825,5330,12598,35518,11928,30204,99212,33057,74670,41194,13316,33387,6619,2234,8669,8472,2243,6309,5826,1975,7519,28743,9299,20894,14479,4703,10471,11170,3480,6940,14211,4387,11143,9068,3476,10658
2,2005,404,'610343010',106,NO,KG,254,85,802,0,0,0,0,0,0,0,0,0,0,0,0,0,0,0,0,0,0,0,0,0,0,0,0,254,85,802,0,0,0,0,0,0,0,0,0
2,2005,404,'610343010',110,NO,KG,1903,352,2020,0,0,0,0,0,0,0,0,0,0,0,0,0,0,0,846,169,961,800,130,536,257,53,523,0,0,0,0,0,0,0,0,0,0,0,0
2,2005,404,'610343010',111,NO,KG,24523,6215,17289,938,565,775,3200,895,1911,2533,1035,1509,0,0,0,0,0,0,8556,1635,5913,7644,1458,5604,0,0,0,1652,627,1577,0,0,0,0,0,0,0,0,0
2,2005,404,'610343010',113,NO,KG,114,40,264,0,0,0,0,0,0,114,40,264,0,0,0,0,0,0,0,0,0,0,0,0,0,0,0,0,0,0,0,0,0,0,0,0,0,0,0
2,2005,404,'610343010',118,NO,KG,7613,2039,6906,755,28,400,0,0,0,3348,984,3689,0,0,0,260,141,274,1311,327,811,324,138,307,1170,363,897,0,0,0,0,0,0,445,58,528,0,0,0
2,2005,404,'610343010',207,NO,KG,45,14,210,0,0,0,0,0,0,0,0,0,0,0,0,0,0,0,0,0,0,0,0,0,45,14,210,0,0,0,0,0,0,0,0,0,0,0,0
2,2005,404,'610343010',217,NO,KG,300,60,227,0,0,0,0,0,0,0,0,0,0,0,0,300,60,227,0,0,0,0,0,0,0,0,0,0,0,0,0,0,0,0,0,0,0,0,0
2,2005,404,'610343010',218,NO,KG,182,109,1351,0,0,0,0,0,0,0,0,0,0,0,0,0,0,0,0,0,0,0,0,0,0,0,0,0,0,0,0,0,0,0,0,0,182,109,1351
2,2005,404,'610343010',220,NO,KG,2251,483,6897,49,15,273,0,0,0,69,20,257,497,99,1649,0,0,0,175,27,494,240,64,619,425,80,1211,201,40,646,49,15,209,403,73,801,143,50,738
2,2005,404,'610343010',227,NO,KG,198,25,315,0,0,0,0,0,0,0,0,0,0,0,0,0,0,0,0,0,0,0,0,0,0,0,0,0,0,0,0,0,0,0,0,0,198,25,315
2,2005,404,'610343010',234,NO,KG,136,38,289,136,38,289,0,0,0,0,0,0,0,0,0,0,0,0,0,0,0,0,0,0,0,0,0,0,0,0,0,0,0,0,0,0,0,0,0
2,2005,404,'610343010',240,NO,KG,49,18,258,0,0,0,0,0,0,0,0,0,0,0,0,0,0,0,0,0,0,0,0,0,0,0,0,49,18,258,0,0,0,0,0,0,0,0,0
2,2005,404,'610343010',241,NO,KG,120,25,483,0,0,0,0,0,0,0,0,0,0,0,0,0,0,0,0,0,0,0,0,0,0,0,0,0,0,0,120,25,483,0,0,0,0,0,0
2,2005,404,'610343010',242,NO,KG,300,90,1773,0,0,0,0,0,0,240,80,1420,0,0,0,60,10,353,0,0,0,0,0,0,0,0,0,0,0,0,0,0,0,0,0,0,0,0,0
2,2005,404,'610343010',243,NO,KG,351,60,1097,0,0,0,0,0,0,351,60,1097,0,0,0,0,0,0,0,0,0,0,0,0,0,0,0,0,0,0,0,0,0,0,0,0,0,0,0
2,2005,404,'610343010',302,NO,KG,383,76,1040,0,0,0,383,76,1040,0,0,0,0,0,0,0,0,0,0,0,0,0,0,0,0,0,0,0,0,0,0,0,0,0,0,0,0,0,0
2,2005,404,'610343010',304,NO,KG,1490,342,3987,0,0,0,100,25,483,1051,226,2220,69,18,241,0,0,0,0,0,0,0,0,0,113,23,335,114,29,414,0,0,0,0,0,0,43,21,294
2,2005,404,'610343010',305,NO,KG,186,150,243,0,0,0,0,0,0,0,0,0,0,0,0,0,0,0,0,0,0,0,0,0,0,0,0,0,0,0,186,150,243,0,0,0,0,0,0
2,2005,404,'610343020',105,NO,KG,39429,11936,23135,0,0,0,1969,600,986,7267,2617,2937,14792,3632,10104,2196,540,980,123,25,260,2454,830,1751,5642,1716,2729,2726,1193,965,0,0,0,160,67,269,2100,716,2154
2,2005,404,'610343020',108,NO,KG,5013,2271,1751,0,0,0,0,0,0,0,0,0,5013,2271,1751,0,0,0,0,0,0,0,0,0,0,0,0,0,0,0,0,0,0,0,0,0,0,0,0
2,2005,404,'610343020',111,NO,KG,4356,852,3096,0,0,0,0,0,0,0,0,0,0,0,0,0,0,0,4356,852,3096,0,0,0,0,0,0,0,0,0,0,0,0,0,0,0,0,0,0
2,2005,404,'610343020',208,NO,KG,60,10,277,0,0,0,0,0,0,0,0,0,0,0,0,0,0,0,0,0,0,60,10,277,0,0,0,0,0,0,0,0,0,0,0,0,0,0,0
2,2005,404,'610349010',105,NO,KG,3139,859,1781,0,0,0,0,0,0,2466,610,982,406,55,390,0,0,0,0,0,0,0,0,0,0,0,0,0,0,0,267,194,409,0,0,0,0,0,0
2,2005,404,'610349010',304,NO,KG,266,53,698,0,0,0,0,0,0,266,53,698,0,0,0,0,0,0,0,0,0,0,0,0,0,0,0,0,0,0,0,0,0,0,0,0,0,0,0
2,2005,404,'610411010',105,NO,KG,240,190,297,0,0,0,0,0,0,0,0,0,0,0,0,0,0,0,0,0,0,0,0,0,0,0,0,0,0,0,240,190,297,0,0,0,0,0,0
2,2005,404,'610411010',220,NO,KG,6,5,239,0,0,0,0,0,0,0,0,0,0,0,0,0,0,0,0,0,0,0,0,0,6,5,239,0,0,0,0,0,0,0,0,0,0,0,0
2,2005,404,'610411020',220,NO,KG,11,3,276,0,0,0,0,0,0,0,0,0,0,0,0,0,0,0,0,0,0,0,0,0,0,0,0,0,0,0,11,3,276,0,0,0,0,0,0
2,2005,404,'610412010',105,NO,KG,3100,2376,1897,0,0,0,0,0,0,224,72,377,0,0,0,0,0,0,0,0,0,0,0,0,0,0,0,2876,2304,1520,0,0,0,0,0,0,0,0,0
2,2005,404,'610419010',220,NO,KG,36,46,274,0,0,0,0,0,0,36,46,274,0,0,0,0,0,0,0,0,0,0,0,0,0,0,0,0,0,0,0,0,0,0,0,0,0,0,0
2,2005,404,'610419020',103,NO,KG,535,151,438,0,0,0,0,0,0,0,0,0,0,0,0,0,0,0,0,0,0,535,151,438,0,0,0,0,0,0,0,0,0,0,0,0,0,0,0
2,2005,404,'610421010',105,NO,KG,412,180,2311,0,0,0,0,0,0,0,0,0,0,0,0,0,0,0,0,0,0,0,0,0,31,14,631,381,166,1680,0,0,0,0,0,0,0,0,0
2,2005,404,'610421010',210,NO,KG,1,1,221,0,0,0,0,0,0,0,0,0,0,0,0,0,0,0,0,0,0,0,0,0,0,0,0,0,0,0,0,0,0,0,0,0,1,1,221
2,2005,404,'610421010',220,NO,KG,80,48,1544,0,0,0,0,0,0,0,0,0,0,0,0,0,0,0,0,0,0,0,0,0,50,31,783,22,11,558,8,6,203,0,0,0,0,0,0
2,2005,404,'610422010',103,NO,KG,191,38,286,0,0,0,0,0,0,0,0,0,0,0,0,0,0,0,0,0,0,0,0,0,0,0,0,0,0,0,191,38,286,0,0,0,0,0,0
2,2005,404,'610422010',105,NO,KG,20670,8977,22791,440,132,223,812,372,678,1498,548,2423,1774,772,1733,3238,567,5318,0,0,0,0,0,0,4068,2183,3875,2656,1250,3829,4068,2373,2286,2116,780,2426,0,0,0
2,2005,404,'610422010',110,NO,KG,77,70,292,77,70,292,0,0,0,0,0,0,0,0,0,0,0,0,0,0,0,0,0,0,0,0,0,0,0,0,0,0,0,0,0,0,0,0,0
2,2005,404,'610422010',220,NO,KG,274,78,1100,274,78,1100,0,0,0,0,0,0,0,0,0,0,0,0,0,0,0,0,0,0,0,0,0,0,0,0,0,0,0,0,0,0,0,0,0
2,2005,404,'610422020',103,NO,KG,295,80,453,0,0,0,0,0,0,0,0,0,0,0,0,295,80,453,0,0,0,0,0,0,0,0,0,0,0,0,0,0,0,0,0,0,0,0,0
2,2005,404,'610422020',105,NO,KG,12675,2521,6398,0,0,0,0,0,0,3238,798,1280,7095,1019,2687,1708,373,785,193,63,294,0,0,0,0,0,0,0,0,0,362,240,1106,79,28,246,0,0,0
2,2005,404,'610422020',220,NO,KG,30,24,303,0,0,0,0,0,0,30,24,303,0,0,0,0,0,0,0,0,0,0,0,0,0,0,0,0,0,0,0,0,0,0,0,0,0,0,0
2,2005,404,'610423010',103,NO,KG,7043,2353,8384,0,0,0,0,0,0,0,0,0,0,0,0,953,313,1159,420,91,606,1113,322,1397,669,158,884,1621,668,1817,919,331,1195,515,217,544,833,253,782
2,2005,404,'610423010',105,NO,KG,13178,4840,10794,1806,923,918,267,85,420,502,461,2060,1185,337,603,2671,587,1214,0,0,0,1404,807,756,437,43,218,2035,839,1607,2365,702,2323,0,0,0,506,56,675
2,2005,404,'610423010',111,NO,KG,140,27,225,0,0,0,0,0,0,0,0,0,140,27,225,0,0,0,0,0,0,0,0,0,0,0,0,0,0,0,0,0,0,0,0,0,0,0,0
2,2005,404,'610423010',118,NO,KG,1109,886,1623,0,0,0,0,0,0,0,0,0,0,0,0,0,0,0,0,0,0,1109,886,1623,0,0,0,0,0,0,0,0,0,0,0,0,0,0,0
2,2005,404,'610423010',210,NO,KG,50,35,831,0,0,0,0,0,0,0,0,0,0,0,0,0,0,0,0,0,0,50,35,831,0,0,0,0,0,0,0,0,0,0,0,0,0,0,0
2,2005,404,'610423010',220,NO,KG,231,134,1590,0,0,0,0,0,0,14,7,231,0,0,0,0,0,0,0,0,0,0,0,0,193,99,934,24,28,425,0,0,0,0,0,0,0,0,0
2,2005,404,'610423020',103,NO,KG,1768,622,2256,0,0,0,0,0,0,0,0,0,0,0,0,502,150,574,0,0,0,223,129,669,523,180,738,520,163,275,0,0,0,0,0,0,0,0,0
2,2005,404,'610423020',105,NO,KG,1412,402,1579,0,0,0,0,0,0,563,174,725,0,0,0,0,0,0,750,168,572,0,0,0,0,0,0,0,0,0,99,60,282,0,0,0,0,0,0
2,2005,404,'610423020',111,NO,KG,235,52,201,0,0,0,0,0,0,0,0,0,0,0,0,0,0,0,0,0,0,0,0,0,0,0,0,0,0,0,0,0,0,0,0,0,235,52,201
2,2005,404,'610423020',118,NO,KG,1934,1547,903,0,0,0,0,0,0,0,0,0,0,0,0,0,0,0,1624,1299,447,310,248,456,0,0,0,0,0,0,0,0,0,0,0,0,0,0,0
2,2005,404,'610429010',103,NO,KG,1094,327,1506,0,0,0,0,0,0,0,0,0,0,0,0,0,0,0,0,0,0,535,160,1096,559,167,410,0,0,0,0,0,0,0,0,0,0,0,0
2,2005,404,'610429010',105,NO,KG,665,201,1106,164,62,270,0,0,0,501,139,836,0,0,0,0,0,0,0,0,0,0,0,0,0,0,0,0,0,0,0,0,0,0,0,0,0,0,0
2,2005,404,'610429010',210,NO,KG,14,8,204,0,0,0,14,8,204,0,0,0,0,0,0,0,0,0,0,0,0,0,0,0,0,0,0,0,0,0,0,0,0,0,0,0,0,0,0
2,2005,404,'610429010',220,NO,KG,166,127,2668,13,8,359,0,0,0,21,11,647,0,0,0,0,0,0,0,0,0,72,43,982,24,15,390,36,50,290,0,0,0,0,0,0,0,0,0
2,2005,404,'610429020',103,NO,KG,1362,363,1592,0,0,0,0,0,0,0,0,0,0,0,0,1086,322,1319,0,0,0,276,41,273,0,0,0,0,0,0,0,0,0,0,0,0,0,0,0
2,2005,404,'610429020',105,NO,KG,1054,431,779,0,0,0,0,0,0,0,0,0,298,106,336,0,0,0,0,0,0,688,275,225,0,0,0,0,0,0,0,0,0,68,50,218,0,0,0
2,2005,404,'610431010',103,NO,KG,40,20,759,0,0,0,0,0,0,0,0,0,0,0,0,0,0,0,0,0,0,0,0,0,40,20,759,0,0,0,0,0,0,0,0,0,0,0,0
2,2005,404,'610431010',105,NO,KG,21567,10070,72426,161,97,374,0,0,0,0,0,0,0,0,0,0,0,0,0,0,0,17,10,1217,2296,982,10205,8106,3426,27745,5303,2575,18321,3729,2046,10399,1955,934,4165
2,2005,404,'610431010',110,NO,KG,840,138,1734,0,0,0,0,0,0,0,0,0,0,0,0,0,0,0,0,0,0,0,0,0,311,25,394,529,113,1340,0,0,0,0,0,0,0,0,0
2,2005,404,'610431010',205,NO,KG,72,38,2268,0,0,0,0,0,0,0,0,0,0,0,0,0,0,0,0,0,0,0,0,0,28,21,746,0,0,0,4,4,526,0,0,0,40,13,996
2,2005,404,'610431010',210,NO,KG,195,98,5758,0,0,0,25,16,1398,21,9,960,0,0,0,0,0,0,0,0,0,28,12,403,76,39,2489,45,22,508,0,0,0,0,0,0,0,0,0
2,2005,404,'610431010',213,NO,KG,5,5,413,0,0,0,0,0,0,0,0,0,0,0,0,0,0,0,5,5,413,0,0,0,0,0,0,0,0,0,0,0,0,0,0,0,0,0,0
2,2005,404,'610431010',215,NO,KG,303,81,8476,40,5,541,191,58,5800,0,0,0,0,0,0,0,0,0,0,0,0,0,0,0,72,18,2135,0,0,0,0,0,0,0,0,0,0,0,0
2,2005,404,'610431010',220,NO,KG,5296,2657,135740,77,39,2551,22,18,1635,13,8,568,35,14,919,36,16,363,663,202,12999,421,216,11561,2136,1125,53942,1477,788,33974,364,202,13167,36,23,3204,16,6,857
2,2005,404,'610431010',225,NO,KG,200,145,3290,0,0,0,0,0,0,0,0,0,0,0,0,0,0,0,0,0,0,0,0,0,0,0,0,156,119,2455,44,26,835,0,0,0,0,0,0
2,2005,404,'610431010',227,NO,KG,28,37,602,0,0,0,0,0,0,0,0,0,0,0,0,0,0,0,0,0,0,0,0,0,0,0,0,28,37,602,0,0,0,0,0,0,0,0,0
2,2005,404,'610431010',234,NO,KG,48,24,804,0,0,0,0,0,0,0,0,0,0,0,0,0,0,0,0,0,0,48,24,804,0,0,0,0,0,0,0,0,0,0,0,0,0,0,0
2,2005,404,'610431010',408,NO,KG,120,64,1130,0,0,0,0,0,0,0,0,0,0,0,0,0,0,0,0,0,0,0,0,0,120,64,1130,0,0,0,0,0,0,0,0,0,0,0,0
2,2005,404,'610431020',103,NO,KG,18,9,294,0,0,0,0,0,0,18,9,294,0,0,0,0,0,0,0,0,0,0,0,0,0,0,0,0,0,0,0,0,0,0,0,0,0,0,0
2,2005,404,'610431020',105,NO,KG,7926,3883,29953,0,0,0,0,0,0,0,0,0,70,22,772,0,0,0,0,0,0,0,0,0,718,290,2312,1375,644,5629,2618,2012,14181,2206,522,4134,939,393,2925
2,2005,404,'610431020',110,NO,KG,135,67,207,0,0,0,0,0,0,0,0,0,0,0,0,0,0,0,0,0,0,0,0,0,0,0,0,135,67,207,0,0,0,0,0,0,0,0,0
2,2005,404,'610431020',210,NO,KG,69,34,1708,0,0,0,0,0,0,0,0,0,0,0,0,0,0,0,0,0,0,6,6,206,56,14,975,6,12,294,1,2,233,0,0,0,0,0,0
2,2005,404,'610431020',215,NO,KG,204,93,7319,0,0,0,0,0,0,0,0,0,0,0,0,0,0,0,0,0,0,0,0,0,0,0,0,204,93,7319,0,0,0,0,0,0,0,0,0
2,2005,404,'610431020',220,NO,KG,1703,827,48477,139,54,3165,48,17,1128,44,21,1831,0,0,0,0,0,0,8,2,417,290,217,17894,452,188,6189,541,230,11665,119,63,2950,6,4,503,56,31,2735
2,2005,404,'610431020',304,NO,KG,1,0,355,0,0,0,0,0,0,0,0,0,0,0,0,0,0,0,0,0,0,0,0,0,0,0,0,1,0,355,0,0,0,0,0,0,0,0,0
2,2005,404,'610432010',103,NO,KG,8191,2780,7262,133,35,303,158,57,485,1323,436,1408,97,16,223,0,0,0,0,0,0,0,0,0,760,323,860,2798,901,1522,2048,748,1810,874,264,651,0,0,0
2,2005,404,'610432010',105,NO,KG,102942,38934,125900,5311,2009,5737,1861,664,3017,22182,7314,22805,13010,3909,13243,788,156,897,1551,508,2900,3327,1336,3499,22332,8250,23942,18928,8527,28550,5249,2304,8721,2356,1005,3109,6047,2952,9480
2,2005,404,'610432010',108,NO,KG,218,30,338,0,0,0,0,0,0,0,0,0,0,0,0,0,0,0,218,30,338,0,0,0,0,0,0,0,0,0,0,0,0,0,0,0,0,0,0
2,2005,404,'610432010',123,NO,KG,1288,418,831,0,0,0,0,0,0,0,0,0,0,0,0,0,0,0,0,0,0,0,0,0,0,0,0,0,0,0,608,246,461,0,0,0,680,172,370
2,2005,404,'610432010',127,NO,KG,140,21,564,0,0,0,0,0,0,0,0,0,0,0,0,0,0,0,0,0,0,0,0,0,0,0,0,140,21,564,0,0,0,0,0,0,0,0,0
2,2005,404,'610432010',129,NO,KG,50,20,326,0,0,0,0,0,0,0,0,0,0,0,0,0,0,0,0,0,0,0,0,0,0,0,0,0,0,0,0,0,0,50,20,326,0,0,0
2,2005,404,'610432010',205,NO,KG,44,21,254,0,0,0,0,0,0,0,0,0,0,0,0,0,0,0,0,0,0,0,0,0,0,0,0,0,0,0,44,21,254,0,0,0,0,0,0
2,2005,404,'610432010',208,NO,KG,25,15,555,13,9,286,12,6,269,0,0,0,0,0,0,0,0,0,0,0,0,0,0,0,0,0,0,0,0,0,0,0,0,0,0,0,0,0,0
2,2005,404,'610432010',210,NO,KG,4293,2529,28034,0,0,0,0,0,0,0,0,0,0,0,0,0,0,0,0,0,0,0,0,0,0,0,0,0,0,0,0,0,0,0,0,0,4293,2529,28034
2,2005,404,'610432010',217,NO,KG,865,247,3920,753,220,2685,0,0,0,0,0,0,0,0,0,0,0,0,0,0,0,0,0,0,107,26,945,0,0,0,0,0,0,0,0,0,5,1,290
2,2005,404,'610432010',220,NO,KG,4143,1413,63378,484,161,9209,798,287,11585,1008,385,15359,32,15,1137,19,3,202,0,0,0,57,30,1787,87,39,673,58,43,1344,72,21,1146,173,41,1469,1355,388,19467
2,2005,404,'610432010',230,NO,KG,146,51,568,0,0,0,146,51,568,0,0,0,0,0,0,0,0,0,0,0,0,0,0,0,0,0,0,0,0,0,0,0,0,0,0,0,0,0,0
2,2005,404,'610432010',234,NO,KG,348,96,1518,195,47,586,0,0,0,106,20,364,0,0,0,0,0,0,0,0,0,0,0,0,0,0,0,47,29,568,0,0,0,0,0,0,0,0,0
2,2005,404,'610432010',304,NO,KG,102,27,652,0,0,0,0,0,0,0,0,0,72,20,385,0,0,0,0,0,0,0,0,0,30,7,267,0,0,0,0,0,0,0,0,0,0,0,0
2,2005,404,'610432010',501,NO,KG,58,34,666,0,0,0,0,0,0,0,0,0,0,0,0,0,0,0,0,0,0,0,0,0,58,34,666,0,0,0,0,0,0,0,0,0,0,0,0
2,2005,404,'610432020',103,NO,KG,2328,847,4655,0,0,0,0,0,0,0,0,0,983,444,2772,1345,403,1883,0,0,0,0,0,0,0,0,0,0,0,0,0,0,0,0,0,0,0,0,0
2,2005,404,'610432020',105,NO,KG,24215,8210,29033,126,73,678,1804,549,1796,4084,1361,5456,2014,742,2805,1144,281,1096,1405,679,3735,3196,1141,2914,7776,2086,4873,548,259,1105,966,405,1342,300,210,692,852,424,2541
2,2005,404,'610432020',108,NO,KG,528,198,279,0,0,0,0,0,0,528,198,279,0,0,0,0,0,0,0,0,0,0,0,0,0,0,0,0,0,0,0,0,0,0,0,0,0,0,0
2,2005,404,'610432020',110,NO,KG,55,15,237,0,0,0,0,0,0,0,0,0,0,0,0,0,0,0,0,0,0,0,0,0,0,0,0,0,0,0,0,0,0,55,15,237,0,0,0
2,2005,404,'610432020',113,NO,KG,116,60,483,0,0,0,0,0,0,0,0,0,0,0,0,116,60,483,0,0,0,0,0,0,0,0,0,0,0,0,0,0,0,0,0,0,0,0,0
2,2005,404,'610432020',118,NO,KG,665,130,685,0,0,0,0,0,0,0,0,0,0,0,0,0,0,0,0,0,0,0,0,0,442,77,427,0,0,0,223,53,258,0,0,0,0,0,0
2,2005,404,'610432020',146,NO,KG,16,3,270,0,0,0,0,0,0,0,0,0,0,0,0,0,0,0,0,0,0,16,3,270,0,0,0,0,0,0,0,0,0,0,0,0,0,0,0
2,2005,404,'610432020',204,NO,KG,32,22,302,0,0,0,0,0,0,0,0,0,0,0,0,0,0,0,0,0,0,0,0,0,0,0,0,0,0,0,32,22,302,0,0,0,0,0,0
2,2005,404,'610432020',215,NO,KG,75,15,963,0,0,0,0,0,0,0,0,0,0,0,0,75,15,963,0,0,0,0,0,0,0,0,0,0,0,0,0,0,0,0,0,0,0,0,0
2,2005,404,'610432020',217,NO,KG,99,30,556,0,0,0,0,0,0,0,0,0,0,0,0,0,0,0,0,0,0,0,0,0,0,0,0,99,30,556,0,0,0,0,0,0,0,0,0
2,2005,404,'610432020',220,NO,KG,970,335,6335,21,7,371,292,139,2327,397,109,1622,9,4,254,95,35,342,0,0,0,9,5,384,0,0,0,147,36,1035,0,0,0,0,0,0,0,0,0
2,2005,404,'610433010',103,NO,KG,3633,855,4138,0,0,0,0,0,0,0,0,0,0,0,0,826,103,563,126,22,227,209,41,230,1641,552,2458,156,20,223,243,47,230,432,70,207,0,0,0
2,2005,404,'610433010',105,NO,KG,50853,20926,91893,250,90,460,2249,960,5834,1594,484,1730,1578,623,2833,418,167,1388,1494,358,2026,2069,744,3023,10985,4383,15648,11343,5280,25435,9429,4351,17247,5615,2163,7996,3829,1323,8273
2,2005,404,'610433010',106,NO,KG,48,12,211,0,0,0,0,0,0,0,0,0,0,0,0,0,0,0,0,0,0,0,0,0,48,12,211,0,0,0,0,0,0,0,0,0,0,0,0
2,2005,404,'610433010',110,NO,KG,320,110,433,0,0,0,0,0,0,0,0,0,0,0,0,320,110,433,0,0,0,0,0,0,0,0,0,0,0,0,0,0,0,0,0,0,0,0,0
2,2005,404,'610433010',113,NO,KG,128,55,401,0,0,0,0,0,0,0,0,0,0,0,0,128,55,401,0,0,0,0,0,0,0,0,0,0,0,0,0,0,0,0,0,0,0,0,0
2,2005,404,'610433010',118,NO,KG,1306,486,1720,0,0,0,0,0,0,0,0,0,0,0,0,0,0,0,0,0,0,0,0,0,1306,486,1720,0,0,0,0,0,0,0,0,0,0,0,0
2,2005,404,'610433010',129,NO,KG,30,24,255,0,0,0,0,0,0,0,0,0,0,0,0,0,0,0,0,0,0,0,0,0,0,0,0,0,0,0,0,0,0,30,24,255,0,0,0
2,2005,404,'610433010',205,NO,KG,25,5,231,0,0,0,0,0,0,0,0,0,0,0,0,0,0,0,0,0,0,0,0,0,25,5,231,0,0,0,0,0,0,0,0,0,0,0,0
2,2005,404,'610433010',207,NO,KG,108,40,529,0,0,0,73,25,264,0,0,0,0,0,0,0,0,0,0,0,0,0,0,0,0,0,0,0,0,0,35,15,265,0,0,0,0,0,0
2,2005,404,'610433010',210,NO,KG,198,81,3502,0,0,0,30,9,466,40,9,498,0,0,0,0,0,0,0,0,0,110,51,1717,18,12,821,0,0,0,0,0,0,0,0,0,0,0,0
2,2005,404,'610433010',217,NO,KG,199,65,2343,0,0,0,0,0,0,0,0,0,0,0,0,0,0,0,0,0,0,24,14,388,102,26,901,0,0,0,0,0,0,66,23,614,7,2,440
2,2005,404,'610433010',220,NO,KG,3443,1477,17385,170,48,1010,360,139,2675,309,107,1587,0,0,0,0,0,0,0,0,0,181,80,1278,945,334,4415,430,163,2663,792,509,1858,0,0,0,256,97,1899
2,2005,404,'610433010',227,NO,KG,22,19,230,0,0,0,0,0,0,0,0,0,0,0,0,0,0,0,0,0,0,0,0,0,0,0,0,22,19,230,0,0,0,0,0,0,0,0,0
2,2005,404,'610433010',234,NO,KG,525,185,1672,0,0,0,150,55,234,0,0,0,0,0,0,0,0,0,0,0,0,375,130,1438,0,0,0,0,0,0,0,0,0,0,0,0,0,0,0
2,2005,404,'610433010',304,NO,KG,74,18,713,0,0,0,0,0,0,0,0,0,0,0,0,0,0,0,0,0,0,0,0,0,50,10,435,0,0,0,0,0,0,0,0,0,24,8,278
2,2005,404,'610433010',601,NO,KG,214,44,645,0,0,0,0,0,0,0,0,0,0,0,0,0,0,0,0,0,0,0,0,0,214,44,645,0,0,0,0,0,0,0,0,0,0,0,0
2,2005,404,'610433020',103,NO,KG,517,232,1199,0,0,0,0,0,0,0,0,0,0,0,0,0,0,0,132,20,258,0,0,0,0,0,0,385,212,941,0,0,0,0,0,0,0,0,0
2,2005,404,'610433020',105,NO,KG,12618,5414,23553,742,280,1509,26,15,270,1393,544,4035,0,0,0,0,0,0,0,0,0,281,100,265,2226,929,4136,1293,556,2667,3854,1991,6678,2358,825,3379,445,174,614
2,2005,404,'610433020',108,NO,KG,88,13,361,0,0,0,0,0,0,88,13,361,0,0,0,0,0,0,0,0,0,0,0,0,0,0,0,0,0,0,0,0,0,0,0,0,0,0,0
2,2005,404,'610433020',210,NO,KG,110,42,1457,0,0,0,0,0,0,0,0,0,0,0,0,0,0,0,0,0,0,0,0,0,62,21,881,48,21,576,0,0,0,0,0,0,0,0,0
2,2005,404,'610433020',220,NO,KG,613,188,2441,0,0,0,60,9,288,128,32,408,0,0,0,0,0,0,0,0,0,0,0,0,85,49,448,340,98,1297,0,0,0,0,0,0,0,0,0
2,2005,404,'610433020',601,NO,KG,280,37,791,0,0,0,0,0,0,0,0,0,0,0,0,180,27,501,0,0,0,0,0,0,0,0,0,0,0,0,100,10,290,0,0,0,0,0,0
2,2005,404,'610439011',105,NO,KG,3943,1639,12793,159,31,652,1054,470,5239,248,40,523,117,35,313,0,0,0,0,0,0,778,345,2234,625,317,2275,0,0,0,142,51,876,820,350,681,0,0,0
2,2005,404,'610439011',208,NO,KG,27,13,360,0,0,0,0,0,0,0,0,0,0,0,0,0,0,0,0,0,0,0,0,0,27,13,360,0,0,0,0,0,0,0,0,0,0,0,0
2,2005,404,'610439011',210,NO,KG,30,13,561,0,0,0,0,0,0,0,0,0,0,0,0,0,0,0,0,0,0,0,0,0,0,0,0,0,0,0,30,13,561,0,0,0,0,0,0
2,2005,404,'610439011',218,NO,KG,33,10,215,0,0,0,33,10,215,0,0,0,0,0,0,0,0,0,0,0,0,0,0,0,0,0,0,0,0,0,0,0,0,0,0,0,0,0,0
2,2005,404,'610439011',220,NO,KG,1353,640,29456,199,98,5987,168,63,4518,262,92,3154,0,0,0,0,0,0,0,0,0,251,123,8376,110,37,1228,234,115,2088,57,34,1389,0,0,0,72,78,2716
2,2005,404,'610439011',234,NO,KG,75,45,954,0,0,0,0,0,0,0,0,0,0,0,0,0,0,0,0,0,0,0,0,0,75,45,954,0,0,0,0,0,0,0,0,0,0,0,0
2,2005,404,'610439011',304,NO,KG,144,33,1170,0,0,0,52,15,374,0,0,0,0,0,0,0,0,0,0,0,0,92,18,796,0,0,0,0,0,0,0,0,0,0,0,0,0,0,0
2,2005,404,'610439019',105,NO,KG,851,207,2569,91,35,512,109,20,234,0,0,0,248,48,208,0,0,0,0,0,0,0,0,0,0,0,0,34,25,298,148,28,254,221,51,1063,0,0,0
2,2005,404,'610439019',215,NO,KG,76,12,1361,0,0,0,22,2,314,0,0,0,0,0,0,0,0,0,0,0,0,0,0,0,54,10,1047,0,0,0,0,0,0,0,0,0,0,0,0
2,2005,404,'610439019',218,NO,KG,40,14,661,40,14,661,0,0,0,0,0,0,0,0,0,0,0,0,0,0,0,0,0,0,0,0,0,0,0,0,0,0,0,0,0,0,0,0,0
2,2005,404,'610439019',220,NO,KG,728,200,16333,195,56,4624,15,4,297,179,53,4537,0,0,0,23,8,478,0,0,0,25,8,392,5,3,277,0,0,0,0,0,0,168,39,3124,118,29,2604
2,2005,404,'610439020',105,NO,KG,1445,401,3196,36,8,202,0,0,0,946,115,1486,0,0,0,0,0,0,0,0,0,0,0,0,278,204,1144,185,74,364,0,0,0,0,0,0,0,0,0
2,2005,404,'610439020',110,NO,KG,265,60,727,0,0,0,0,0,0,0,0,0,0,0,0,0,0,0,0,0,0,0,0,0,0,0,0,0,0,0,0,0,0,265,60,727,0,0,0
2,2005,404,'610439020',210,NO,KG,240,96,595,0,0,0,240,96,595,0,0,0,0,0,0,0,0,0,0,0,0,0,0,0,0,0,0,0,0,0,0,0,0,0,0,0,0,0,0
2,2005,404,'610439020',215,NO,KG,24,6,428,0,0,0,0,0,0,0,0,0,0,0,0,0,0,0,0,0,0,0,0,0,0,0,0,24,6,428,0,0,0,0,0,0,0,0,0
2,2005,404,'610439020',220,NO,KG,1421,576,30581,116,49,8708,174,99,5076,231,73,2782,0,0,0,35,10,227,4,1,244,77,25,6013,694,282,3676,90,37,3855,0,0,0,0,0,0,0,0,0
2,2005,404,'610439020',304,NO,KG,92,18,1289,0,0,0,0,0,0,92,18,1289,0,0,0,0,0,0,0,0,0,0,0,0,0,0,0,0,0,0,0,0,0,0,0,0,0,0,0
2,2005,404,'610441010',105,NO,KG,1792,746,5204,0,0,0,0,0,0,0,0,0,0,0,0,0,0,0,0,0,0,0,0,0,336,191,736,586,212,1814,172,62,591,662,263,1834,36,18,229
2,2005,404,'610441010',110,NO,KG,748,149,1739,0,0,0,0,0,0,0,0,0,0,0,0,0,0,0,0,0,0,0,0,0,0,0,0,480,98,1109,268,51,630,0,0,0,0,0,0
2,2005,404,'610441010',205,NO,KG,2,2,568,0,0,0,0,0,0,0,0,0,0,0,0,0,0,0,0,0,0,0,0,0,0,0,0,0,0,0,2,2,568,0,0,0,0,0,0
2,2005,404,'610441010',206,NO,KG,120,59,678,0,0,0,0,0,0,0,0,0,0,0,0,0,0,0,0,0,0,0,0,0,0,0,0,120,59,678,0,0,0,0,0,0,0,0,0
2,2005,404,'610441010',208,NO,KG,9,5,218,0,0,0,0,0,0,0,0,0,0,0,0,0,0,0,0,0,0,0,0,0,0,0,0,9,5,218,0,0,0,0,0,0,0,0,0
2,2005,404,'610441010',210,NO,KG,74,24,1182,0,0,0,0,0,0,0,0,0,0,0,0,0,0,0,0,0,0,0,0,0,0,0,0,14,6,573,0,0,0,60,18,609,0,0,0
2,2005,404,'610441010',220,NO,KG,672,335,10250,0,0,0,0,0,0,0,0,0,0,0,0,0,0,0,26,11,698,195,80,1984,344,186,4770,107,58,2798,0,0,0,0,0,0,0,0,0
2,2005,404,'610441020',105,NO,KG,250,64,1087,0,0,0,0,0,0,0,0,0,0,0,0,0,0,0,0,0,0,45,12,592,0,0,0,0,0,0,135,35,201,0,0,0,70,17,294
2,2005,404,'610441020',110,NO,KG,57,12,360,0,0,0,0,0,0,0,0,0,0,0,0,57,12,360,0,0,0,0,0,0,0,0,0,0,0,0,0,0,0,0,0,0,0,0,0
2,2005,404,'610441020',220,NO,KG,112,47,2229,0,0,0,0,0,0,0,0,0,0,0,0,0,0,0,0,0,0,109,45,2013,0,0,0,3,2,216,0,0,0,0,0,0,0,0,0
2,2005,404,'610441020',304,NO,KG,16,3,216,0,0,0,16,3,216,0,0,0,0,0,0,0,0,0,0,0,0,0,0,0,0,0,0,0,0,0,0,0,0,0,0,0,0,0,0
2,2005,404,'610442010',103,NO,KG,3015,710,4133,0,0,0,0,0,0,164,25,307,227,39,329,125,32,250,386,100,362,846,159,866,0,0,0,203,37,247,960,287,1551,0,0,0,104,31,221
2,2005,404,'610442010',105,NO,KG,159048,29207,108641,4927,1200,4566,8562,1841,5487,34738,4941,16557,42063,6386,26337,17982,2797,16455,5657,844,4944,13538,2762,7689,9897,2694,7986,8459,1699,6057,3764,1157,3741,2878,886,3384,6583,2000,5438
2,2005,404,'610442010',108,NO,KG,222,74,925,175,60,391,0,0,0,0,0,0,0,0,0,0,0,0,0,0,0,0,0,0,0,0,0,47,14,534,0,0,0,0,0,0,0,0,0
2,2005,404,'610442010',110,NO,KG,1374,255,3464,0,0,0,0,0,0,0,0,0,0,0,0,0,0,0,827,112,2056,373,65,997,174,78,411,0,0,0,0,0,0,0,0,0,0,0,0
2,2005,404,'610442010',111,NO,KG,6498,864,2380,0,0,0,0,0,0,800,142,391,748,102,373,4950,620,1616,0,0,0,0,0,0,0,0,0,0,0,0,0,0,0,0,0,0,0,0,0
2,2005,404,'610442010',118,NO,KG,938,263,997,0,0,0,0,0,0,0,0,0,0,0,0,0,0,0,609,165,569,0,0,0,0,0,0,0,0,0,144,43,227,185,55,201,0,0,0
2,2005,404,'610442010',123,NO,KG,931,190,1323,0,0,0,0,0,0,430,50,566,257,30,500,0,0,0,0,0,0,0,0,0,0,0,0,244,110,257,0,0,0,0,0,0,0,0,0
2,2005,404,'610442010',205,NO,KG,98,21,1515,0,0,0,0,0,0,96,19,1291,0,0,0,0,0,0,0,0,0,0,0,0,0,0,0,2,2,224,0,0,0,0,0,0,0,0,0
2,2005,404,'610442010',207,NO,KG,107,29,445,0,0,0,0,0,0,0,0,0,0,0,0,0,0,0,0,0,0,0,0,0,107,29,445,0,0,0,0,0,0,0,0,0,0,0,0
2,2005,404,'610442010',208,NO,KG,124,38,1161,0,0,0,67,23,786,0,0,0,0,0,0,0,0,0,0,0,0,0,0,0,0,0,0,57,15,375,0,0,0,0,0,0,0,0,0
2,2005,404,'610442010',210,NO,KG,548,176,4896,120,35,564,93,31,701,245,88,3172,0,0,0,0,0,0,0,0,0,0,0,0,90,22,459,0,0,0,0,0,0,0,0,0,0,0,0
2,2005,404,'610442010',217,NO,KG,1859,373,4529,1434,275,3556,0,0,0,97,48,232,0,0,0,0,0,0,0,0,0,90,13,267,0,0,0,0,0,0,0,0,0,0,0,0,238,37,474
2,2005,404,'610442010',220,NO,KG,2149,844,18363,82,34,1028,171,64,2885,585,197,4440,759,230,6208,47,25,248,116,46,471,0,0,0,32,7,220,0,0,0,0,0,0,135,150,924,222,91,1939
2,2005,404,'610442010',230,NO,KG,224,95,575,0,0,0,0,0,0,224,95,575,0,0,0,0,0,0,0,0,0,0,0,0,0,0,0,0,0,0,0,0,0,0,0,0,0,0,0
2,2005,404,'610442010',231,NO,KG,58,14,404,0,0,0,0,0,0,0,0,0,58,14,404,0,0,0,0,0,0,0,0,0,0,0,0,0,0,0,0,0,0,0,0,0,0,0,0
2,2005,404,'610442010',234,NO,KG,2170,468,6724,928,145,2371,0,0,0,623,107,1820,0,0,0,0,0,0,0,0,0,141,22,309,175,76,774,303,118,1450,0,0,0,0,0,0,0,0,0
2,2005,404,'610442010',239,NO,KG,646,220,1680,0,0,0,0,0,0,0,0,0,646,220,1680,0,0,0,0,0,0,0,0,0,0,0,0,0,0,0,0,0,0,0,0,0,0,0,0
2,2005,404,'610442010',243,NO,KG,70,9,308,0,0,0,0,0,0,70,9,308,0,0,0,0,0,0,0,0,0,0,0,0,0,0,0,0,0,0,0,0,0,0,0,0,0,0,0
2,2005,404,'610442010',304,NO,KG,479,153,1293,0,0,0,0,0,0,0,0,0,184,60,321,0,0,0,0,0,0,98,34,260,0,0,0,0,0,0,0,0,0,0,0,0,197,59,712
2,2005,404,'610442010',407,NO,KG,735,147,1070,0,0,0,0,0,0,0,0,0,735,147,1070,0,0,0,0,0,0,0,0,0,0,0,0,0,0,0,0,0,0,0,0,0,0,0,0
2,2005,404,'610442010',501,NO,KG,41,20,214,0,0,0,0,0,0,0,0,0,41,20,214,0,0,0,0,0,0,0,0,0,0,0,0,0,0,0,0,0,0,0,0,0,0,0,0
2,2005,404,'610442010',504,NO,KG,10,5,581,0,0,0,0,0,0,10,5,581,0,0,0,0,0,0,0,0,0,0,0,0,0,0,0,0,0,0,0,0,0,0,0,0,0,0,0
2,2005,404,'610442010',551,NO,KG,150,80,533,0,0,0,0,0,0,0,0,0,0,0,0,0,0,0,0,0,0,0,0,0,150,80,533,0,0,0,0,0,0,0,0,0,0,0,0
2,2005,404,'610442010',601,NO,KG,17,9,223,0,0,0,0,0,0,0,0,0,0,0,0,0,0,0,17,9,223,0,0,0,0,0,0,0,0,0,0,0,0,0,0,0,0,0,0
2,2005,404,'610442020',103,NO,KG,1041,198,1506,0,0,0,0,0,0,0,0,0,620,115,927,247,61,371,0,0,0,174,22,208,0,0,0,0,0,0,0,0,0,0,0,0,0,0,0
2,2005,404,'610442020',105,NO,KG,141012,24829,81926,956,551,1516,480,255,481,28959,3759,12656,50387,7506,21958,30492,4577,17921,10724,3133,10798,8358,2227,7116,3979,947,3326,2405,633,2113,814,292,646,1836,503,1768,1622,446,1627
2,2005,404,'610442020',108,NO,KG,55,30,223,0,0,0,0,0,0,0,0,0,0,0,0,0,0,0,0,0,0,0,0,0,0,0,0,0,0,0,0,0,0,55,30,223,0,0,0
2,2005,404,'610442020',110,NO,KG,131,16,299,0,0,0,0,0,0,0,0,0,0,0,0,0,0,0,0,0,0,0,0,0,0,0,0,0,0,0,0,0,0,131,16,299,0,0,0
2,2005,404,'610442020',111,NO,KG,3372,346,1051,0,0,0,0,0,0,0,0,0,3372,346,1051,0,0,0,0,0,0,0,0,0,0,0,0,0,0,0,0,0,0,0,0,0,0,0,0
2,2005,404,'610442020',113,NO,KG,705,179,460,0,0,0,0,0,0,705,179,460,0,0,0,0,0,0,0,0,0,0,0,0,0,0,0,0,0,0,0,0,0,0,0,0,0,0,0
2,2005,404,'610442020',118,NO,KG,398,119,250,0,0,0,0,0,0,398,119,250,0,0,0,0,0,0,0,0,0,0,0,0,0,0,0,0,0,0,0,0,0,0,0,0,0,0,0
2,2005,404,'610442020',123,NO,KG,4019,842,1970,0,0,0,185,27,358,1500,320,519,0,0,0,0,0,0,500,142,206,1834,353,887,0,0,0,0,0,0,0,0,0,0,0,0,0,0,0
2,2005,404,'610442020',205,NO,KG,115,23,932,0,0,0,0,0,0,69,13,249,0,0,0,0,0,0,0,0,0,0,0,0,46,10,683,0,0,0,0,0,0,0,0,0,0,0,0
2,2005,404,'610442020',207,NO,KG,81,32,338,0,0,0,0,0,0,0,0,0,0,0,0,0,0,0,0,0,0,0,0,0,81,32,338,0,0,0,0,0,0,0,0,0,0,0,0
2,2005,404,'610442020',208,NO,KG,110,43,1648,110,43,1648,0,0,0,0,0,0,0,0,0,0,0,0,0,0,0,0,0,0,0,0,0,0,0,0,0,0,0,0,0,0,0,0,0
2,2005,404,'610442020',210,NO,KG,1037,317,4366,0,0,0,288,88,1645,0,0,0,360,43,559,60,18,222,0,0,0,0,0,0,326,167,1730,0,0,0,0,0,0,0,0,0,3,1,210
2,2005,404,'610442020',220,NO,KG,1040,307,9217,208,50,2324,450,150,4465,0,0,0,0,0,0,0,0,0,0,0,0,88,23,516,130,47,773,51,18,387,0,0,0,0,0,0,113,19,752
2,2005,404,'610442020',304,NO,KG,14136,2825,5466,0,0,0,3979,775,1772,0,0,0,4985,950,1794,5172,1100,1900,0,0,0,0,0,0,0,0,0,0,0,0,0,0,0,0,0,0,0,0,0
2,2005,404,'610443010',103,NO,KG,117251,27152,109990,0,0,0,0,0,0,1527,386,692,9943,1370,12417,1353,249,1440,2609,438,3218,3157,593,2688,4709,781,7363,7593,1468,7730,22048,5267,20493,31167,7453,26317,33145,9147,27632
2,2005,404,'610443010',105,NO,KG,80905,20431,80339,3745,852,2191,2128,380,1791,1793,272,1094,8187,1265,5960,632,189,464,9123,1837,4598,2092,385,1919,2425,551,3414,6878,2110,7586,12488,3067,17443,17760,6190,22740,13654,3333,11139
2,2005,404,'610443010',110,NO,KG,1440,665,1507,0,0,0,0,0,0,0,0,0,0,0,0,320,120,519,0,0,0,0,0,0,0,0,0,0,0,0,560,257,492,560,288,496,0,0,0
2,2005,404,'610443010',118,NO,KG,389,78,234,0,0,0,389,78,234,0,0,0,0,0,0,0,0,0,0,0,0,0,0,0,0,0,0,0,0,0,0,0,0,0,0,0,0,0,0
2,2005,404,'610443010',123,NO,KG,435,110,657,0,0,0,0,0,0,0,0,0,0,0,0,0,0,0,0,0,0,0,0,0,0,0,0,0,0,0,435,110,657,0,0,0,0,0,0
2,2005,404,'610443010',205,NO,KG,182,52,927,0,0,0,0,0,0,0,0,0,26,6,217,0,0,0,0,0,0,124,37,411,0,0,0,32,9,299,0,0,0,0,0,0,0,0,0
2,2005,404,'610443010',210,NO,KG,240,86,1700,0,0,0,0,0,0,181,64,1099,0,0,0,0,0,0,0,0,0,0,0,0,0,0,0,20,7,343,39,15,258,0,0,0,0,0,0
2,2005,404,'610443010',213,NO,KG,10,5,365,0,0,0,0,0,0,0,0,0,0,0,0,0,0,0,10,5,365,0,0,0,0,0,0,0,0,0,0,0,0,0,0,0,0,0,0
2,2005,404,'610443010',217,NO,KG,186,37,841,0,0,0,0,0,0,0,0,0,0,0,0,0,0,0,0,0,0,186,37,841,0,0,0,0,0,0,0,0,0,0,0,0,0,0,0
2,2005,404,'610443010',218,NO,KG,103,31,1162,34,11,356,23,7,227,46,13,579,0,0,0,0,0,0,0,0,0,0,0,0,0,0,0,0,0,0,0,0,0,0,0,0,0,0,0
2,2005,404,'610443010',220,NO,KG,656,226,5732,0,0,0,153,54,1247,218,83,1200,0,0,0,0,0,0,39,10,613,21,8,352,188,50,1553,26,13,464,11,8,303,0,0,0,0,0,0
2,2005,404,'610443010',234,NO,KG,154,31,584,154,31,584,0,0,0,0,0,0,0,0,0,0,0,0,0,0,0,0,0,0,0,0,0,0,0,0,0,0,0,0,0,0,0,0,0
2,2005,404,'610443010',304,NO,KG,2247,758,5403,0,0,0,28,5,276,0,0,0,348,151,533,0,0,0,0,0,0,826,300,1454,46,12,642,515,134,1017,484,156,1481,0,0,0,0,0,0
2,2005,404,'610443010',410,NO,KG,53,20,336,0,0,0,0,0,0,0,0,0,0,0,0,0,0,0,0,0,0,0,0,0,0,0,0,53,20,336,0,0,0,0,0,0,0,0,0
2,2005,404,'610443020',103,NO,KG,5347,1216,5900,0,0,0,0,0,0,338,63,471,230,42,230,2172,463,1578,0,0,0,0,0,0,478,79,935,1340,339,1262,287,63,258,112,56,258,390,111,908
2,2005,404,'610443020',105,NO,KG,31603,7780,26522,869,227,543,102,65,213,2283,824,1055,3494,713,2285,1948,395,1321,4028,719,4134,1768,359,2117,2016,396,1778,600,149,770,3227,964,3768,1682,437,1980,9586,2532,6558
2,2005,404,'610443020',111,NO,KG,2193,456,1691,0,0,0,0,0,0,0,0,0,0,0,0,0,0,0,386,69,313,0,0,0,377,89,296,0,0,0,0,0,0,230,69,208,1200,229,874
2,2005,404,'610443020',205,NO,KG,50,15,485,0,0,0,0,0,0,0,0,0,0,0,0,0,0,0,0,0,0,50,15,485,0,0,0,0,0,0,0,0,0,0,0,0,0,0,0
2,2005,404,'610443020',210,NO,KG,636,144,4213,0,0,0,0,0,0,23,3,377,0,0,0,0,0,0,0,0,0,0,0,0,580,121,2892,0,0,0,33,20,944,0,0,0,0,0,0
2,2005,404,'610443020',220,NO,KG,221,47,1975,12,4,448,167,25,704,0,0,0,0,0,0,0,0,0,30,12,274,0,0,0,0,0,0,12,6,549,0,0,0,0,0,0,0,0,0
2,2005,404,'610443020',234,NO,KG,209,80,632,209,80,632,0,0,0,0,0,0,0,0,0,0,0,0,0,0,0,0,0,0,0,0,0,0,0,0,0,0,0,0,0,0,0,0,0
2,2005,404,'610443020',304,NO,KG,161,54,468,0,0,0,0,0,0,0,0,0,0,0,0,0,0,0,0,0,0,0,0,0,0,0,0,0,0,0,17,9,232,144,45,236,0,0,0
2,2005,404,'610444010',103,NO,KG,1207,245,1673,0,0,0,0,0,0,0,0,0,0,0,0,105,15,224,208,64,401,199,70,235,695,96,813,0,0,0,0,0,0,0,0,0,0,0,0
2,2005,404,'610444010',105,NO,KG,10034,2051,14309,732,156,1444,0,0,0,1651,182,1623,577,97,757,3665,557,3496,0,0,0,1037,259,1191,148,61,706,1248,400,1657,0,0,0,939,325,3029,37,14,406
2,2005,404,'610444010',110,NO,KG,50,15,268,0,0,0,0,0,0,0,0,0,0,0,0,0,0,0,50,15,268,0,0,0,0,0,0,0,0,0,0,0,0,0,0,0,0,0,0
2,2005,404,'610444010',120,NO,KG,290,78,392,0,0,0,0,0,0,0,0,0,0,0,0,0,0,0,0,0,0,0,0,0,0,0,0,0,0,0,290,78,392,0,0,0,0,0,0
2,2005,404,'610444010',123,NO,KG,666,172,1073,0,0,0,0,0,0,0,0,0,0,0,0,425,105,601,0,0,0,0,0,0,56,25,265,0,0,0,0,0,0,0,0,0,185,42,207
2,2005,404,'610444010',205,NO,KG,17,7,429,0,0,0,0,0,0,0,0,0,0,0,0,0,0,0,0,0,0,17,7,429,0,0,0,0,0,0,0,0,0,0,0,0,0,0,0
2,2005,404,'610444010',208,NO,KG,12,7,328,12,7,328,0,0,0,0,0,0,0,0,0,0,0,0,0,0,0,0,0,0,0,0,0,0,0,0,0,0,0,0,0,0,0,0,0
2,2005,404,'610444010',210,NO,KG,220,82,2310,0,0,0,67,39,824,24,12,381,0,0,0,0,0,0,0,0,0,0,0,0,0,0,0,9,4,514,60,16,271,0,0,0,60,11,320
2,2005,404,'610444010',218,NO,KG,68,29,596,0,0,0,37,11,306,0,0,0,0,0,0,0,0,0,0,0,0,31,18,290,0,0,0,0,0,0,0,0,0,0,0,0,0,0,0
2,2005,404,'610444010',220,NO,KG,2317,1064,35397,189,93,1876,587,196,6117,415,203,7387,177,84,3156,13,25,732,254,97,3598,227,118,3684,144,76,3344,167,91,3522,67,50,847,3,1,220,74,30,914
2,2005,404,'610444010',222,NO,KG,70,30,441,0,0,0,0,0,0,0,0,0,0,0,0,0,0,0,0,0,0,0,0,0,70,30,441,0,0,0,0,0,0,0,0,0,0,0,0
2,2005,404,'610444010',231,NO,KG,74,40,224,0,0,0,0,0,0,74,40,224,0,0,0,0,0,0,0,0,0,0,0,0,0,0,0,0,0,0,0,0,0,0,0,0,0,0,0
2,2005,404,'610444010',234,NO,KG,48,10,229,0,0,0,48,10,229,0,0,0,0,0,0,0,0,0,0,0,0,0,0,0,0,0,0,0,0,0,0,0,0,0,0,0,0,0,0
2,2005,404,'610444010',304,NO,KG,215,70,1320,0,0,0,33,5,299,0,0,0,0,0,0,13,7,222,0,0,0,0,0,0,0,0,0,0,0,0,163,57,563,6,1,236,0,0,0
2,2005,404,'610444010',601,NO,KG,84,33,814,0,0,0,0,0,0,39,13,315,0,0,0,0,0,0,45,20,499,0,0,0,0,0,0,0,0,0,0,0,0,0,0,0,0,0,0
2,2005,404,'610444020',103,NO,KG,1637,282,1310,0,0,0,0,0,0,0,0,0,974,168,870,368,55,222,295,59,218,0,0,0,0,0,0,0,0,0,0,0,0,0,0,0,0,0,0
2,2005,404,'610444020',105,NO,KG,5138,1279,6995,545,169,1671,0,0,0,430,36,353,755,253,978,0,0,0,2540,586,2929,0,0,0,0,0,0,399,91,553,0,0,0,123,47,204,346,97,307
2,2005,404,'610444020',205,NO,KG,42,11,1022,0,0,0,11,4,285,0,0,0,0,0,0,0,0,0,0,0,0,31,7,737,0,0,0,0,0,0,0,0,0,0,0,0,0,0,0
2,2005,404,'610444020',210,NO,KG,606,187,4173,0,0,0,24,15,377,528,153,2539,3,2,348,0,0,0,0,0,0,18,7,352,0,0,0,0,0,0,33,10,557,0,0,0,0,0,0
2,2005,404,'610444020',220,NO,KG,778,311,10649,0,0,0,94,54,1027,123,47,1113,0,0,0,0,0,0,60,20,439,84,46,1401,59,15,234,60,13,767,14,10,565,62,20,602,222,86,4501
2,2005,404,'610444020',601,NO,KG,42,20,572,0,0,0,0,0,0,0,0,0,0,0,0,0,0,0,0,0,0,0,0,0,0,0,0,0,0,0,0,0,0,42,20,572,0,0,0
2,2005,404,'610449010',105,NO,KG,2177,511,7312,0,0,0,494,164,2222,0,0,0,224,91,818,429,62,902,0,0,0,999,182,2745,0,0,0,0,0,0,0,0,0,31,12,625,0,0,0
2,2005,404,'610449010',110,NO,KG,22,4,229,0,0,0,0,0,0,0,0,0,0,0,0,0,0,0,0,0,0,0,0,0,0,0,0,0,0,0,0,0,0,22,4,229,0,0,0
2,2005,404,'610449010',205,NO,KG,11,2,342,0,0,0,0,0,0,0,0,0,11,2,342,0,0,0,0,0,0,0,0,0,0,0,0,0,0,0,0,0,0,0,0,0,0,0,0
2,2005,404,'610449010',210,NO,KG,35,19,787,0,0,0,32,14,268,0,0,0,0,0,0,1,1,221,0,0,0,2,4,298,0,0,0,0,0,0,0,0,0,0,0,0,0,0,0
2,2005,404,'610449010',220,NO,KG,308,109,3860,0,0,0,130,44,1001,48,16,1231,0,0,0,1,2,363,0,0,0,0,0,0,0,0,0,0,0,0,20,18,667,0,0,0,109,29,598
2,2005,404,'610449010',304,NO,KG,121,46,950,0,0,0,0,0,0,0,0,0,0,0,0,0,0,0,0,0,0,0,0,0,0,0,0,0,0,0,0,0,0,0,0,0,121,46,950
2,2005,404,'610449010',501,NO,KG,106,58,595,0,0,0,0,0,0,0,0,0,106,58,595,0,0,0,0,0,0,0,0,0,0,0,0,0,0,0,0,0,0,0,0,0,0,0,0
2,2005,404,'610449020',105,NO,KG,1544,479,4620,0,0,0,0,0,0,0,0,0,0,0,0,1544,479,4620,0,0,0,0,0,0,0,0,0,0,0,0,0,0,0,0,0,0,0,0,0
2,2005,404,'610449020',123,NO,KG,97,40,472,0,0,0,0,0,0,0,0,0,0,0,0,0,0,0,81,24,240,0,0,0,0,0,0,0,0,0,0,0,0,16,16,232,0,0,0
2,2005,404,'610449020',220,NO,KG,895,384,62987,213,72,13874,174,87,11800,53,21,4040,31,4,465,6,4,918,30,10,1920,247,91,18362,44,23,3431,90,69,7783,0,0,0,0,0,0,7,3,394
2,2005,404,'610449020',304,NO,KG,40,8,517,0,0,0,0,0,0,0,0,0,0,0,0,0,0,0,0,0,0,0,0,0,0,0,0,0,0,0,0,0,0,0,0,0,40,8,517
2,2005,404,'610449020',601,NO,KG,16,11,324,0,0,0,0,0,0,0,0,0,0,0,0,0,0,0,0,0,0,0,0,0,0,0,0,0,0,0,0,0,0,16,11,324,0,0,0
2,2005,404,'610451010',105,NO,KG,6492,2479,17962,0,0,0,0,0,0,0,0,0,0,0,0,0,0,0,0,0,0,194,62,564,637,234,2450,1195,373,4257,3109,1373,6433,605,302,2458,752,135,1800
2,2005,404,'610451010',108,NO,KG,50,11,317,0,0,0,0,0,0,0,0,0,0,0,0,0,0,0,0,0,0,0,0,0,0,0,0,50,11,317,0,0,0,0,0,0,0,0,0
2,2005,404,'610451010',210,NO,KG,59,20,1849,0,0,0,21,7,482,17,4,461,0,0,0,0,0,0,0,0,0,0,0,0,20,7,642,0,0,0,0,0,0,0,0,0,1,2,264
2,2005,404,'610451010',215,NO,KG,23,4,521,0,0,0,23,4,521,0,0,0,0,0,0,0,0,0,0,0,0,0,0,0,0,0,0,0,0,0,0,0,0,0,0,0,0,0,0
2,2005,404,'610451010',218,NO,KG,34,13,387,0,0,0,0,0,0,0,0,0,0,0,0,0,0,0,0,0,0,0,0,0,34,13,387,0,0,0,0,0,0,0,0,0,0,0,0
2,2005,404,'610451010',220,NO,KG,2103,733,27248,48,10,1324,12,2,229,13,5,384,0,0,0,0,0,0,91,28,1205,746,244,9273,856,308,9218,317,128,5315,20,8,300,0,0,0,0,0,0
2,2005,404,'610451020',105,NO,KG,2887,878,8955,0,0,0,0,0,0,0,0,0,0,0,0,0,0,0,61,14,405,0,0,0,364,92,1349,1092,359,3369,469,147,1677,901,266,2155,0,0,0
2,2005,404,'610451020',205,NO,KG,10,2,222,0,0,0,0,0,0,0,0,0,0,0,0,0,0,0,0,0,0,10,2,222,0,0,0,0,0,0,0,0,0,0,0,0,0,0,0
2,2005,404,'610451020',210,NO,KG,130,52,541,0,0,0,0,0,0,0,0,0,0,0,0,0,0,0,0,0,0,0,0,0,130,52,541,0,0,0,0,0,0,0,0,0,0,0,0
2,2005,404,'610451020',215,NO,KG,50,15,1304,0,0,0,0,0,0,0,0,0,0,0,0,0,0,0,0,0,0,0,0,0,0,0,0,50,15,1304,0,0,0,0,0,0,0,0,0
2,2005,404,'610451020',220,NO,KG,270,75,5645,0,0,0,6,1,264,0,0,0,0,0,0,0,0,0,0,0,0,165,40,3021,51,19,696,40,13,1344,8,2,320,0,0,0,0,0,0
2,2005,404,'610452010',103,NO,KG,7956,1546,10512,0,0,0,0,0,0,0,0,0,540,122,513,0,0,0,2007,546,3252,662,132,936,1243,161,1610,2356,439,3225,582,57,732,0,0,0,566,89,244
2,2005,404,'610452010',105,NO,KG,48978,10749,41725,3543,1156,3266,1629,391,2101,4565,728,4147,9867,1681,8363,1575,186,977,2702,471,1596,8389,1825,7853,4935,1588,4823,6084,1305,4284,3171,828,2543,755,258,917,1763,332,855
2,2005,404,'610452010',110,NO,KG,1965,470,1911,0,0,0,0,0,0,0,0,0,0,0,0,0,0,0,54,34,298,0,0,0,1233,244,1011,678,192,602,0,0,0,0,0,0,0,0,0
2,2005,404,'610452010',111,NO,KG,6265,1075,2392,5276,829,1748,0,0,0,477,91,238,0,0,0,0,0,0,0,0,0,0,0,0,512,155,406,0,0,0,0,0,0,0,0,0,0,0,0
2,2005,404,'610452010',118,NO,KG,4677,1257,4416,765,281,710,1001,319,913,0,0,0,0,0,0,0,0,0,331,84,290,0,0,0,334,139,369,359,95,257,0,0,0,756,113,930,1131,226,947
2,2005,404,'610452010',123,NO,KG,328,111,447,0,0,0,0,0,0,0,0,0,0,0,0,0,0,0,240,81,221,0,0,0,0,0,0,0,0,0,0,0,0,88,30,226,0,0,0
2,2005,404,'610452010',207,NO,KG,111,22,396,0,0,0,0,0,0,0,0,0,0,0,0,0,0,0,0,0,0,0,0,0,111,22,396,0,0,0,0,0,0,0,0,0,0,0,0
2,2005,404,'610452010',208,NO,KG,12,6,278,12,6,278,0,0,0,0,0,0,0,0,0,0,0,0,0,0,0,0,0,0,0,0,0,0,0,0,0,0,0,0,0,0,0,0,0
2,2005,404,'610452010',210,NO,KG,246,64,984,210,46,743,0,0,0,0,0,0,0,0,0,0,0,0,0,0,0,0,0,0,0,0,0,36,18,241,0,0,0,0,0,0,0,0,0
2,2005,404,'610452010',215,NO,KG,40,8,470,0,0,0,0,0,0,0,0,0,40,8,470,0,0,0,0,0,0,0,0,0,0,0,0,0,0,0,0,0,0,0,0,0,0,0,0
2,2005,404,'610452010',217,NO,KG,242,83,691,0,0,0,106,35,254,0,0,0,0,0,0,0,0,0,0,0,0,0,0,0,0,0,0,136,48,437,0,0,0,0,0,0,0,0,0
2,2005,404,'610452010',220,NO,KG,560,143,3877,143,39,1136,29,7,349,22,6,429,36,5,277,0,0,0,0,0,0,128,39,554,89,18,207,0,0,0,52,19,421,0,0,0,61,10,504
2,2005,404,'610452010',222,NO,KG,70,20,283,0,0,0,0,0,0,0,0,0,0,0,0,0,0,0,0,0,0,0,0,0,70,20,283,0,0,0,0,0,0,0,0,0,0,0,0
2,2005,404,'610452010',232,NO,KG,230,82,698,0,0,0,0,0,0,0,0,0,0,0,0,230,82,698,0,0,0,0,0,0,0,0,0,0,0,0,0,0,0,0,0,0,0,0,0
2,2005,404,'610452010',234,NO,KG,284,53,1066,180,28,314,0,0,0,0,0,0,60,10,440,0,0,0,0,0,0,0,0,0,44,15,312,0,0,0,0,0,0,0,0,0,0,0,0
2,2005,404,'610452010',304,NO,KG,850,219,3689,0,0,0,78,15,607,0,0,0,150,40,735,87,25,389,0,0,0,13,4,216,522,135,1742,0,0,0,0,0,0,0,0,0,0,0,0
2,2005,404,'610452010',501,NO,KG,60,30,240,0,0,0,0,0,0,0,0,0,60,30,240,0,0,0,0,0,0,0,0,0,0,0,0,0,0,0,0,0,0,0,0,0,0,0,0
2,2005,404,'610452010',504,NO,KG,46,14,747,0,0,0,0,0,0,46,14,747,0,0,0,0,0,0,0,0,0,0,0,0,0,0,0,0,0,0,0,0,0,0,0,0,0,0,0
2,2005,404,'610452020',103,NO,KG,7863,1627,6099,0,0,0,0,0,0,558,181,757,1164,309,806,1533,260,1386,2228,437,1467,1117,220,872,718,130,559,545,90,252,0,0,0,0,0,0,0,0,0
2,2005,404,'610452020',105,NO,KG,48645,9847,35234,2248,591,1546,814,189,911,12071,2116,7717,7447,1231,5121,2753,585,3165,3738,676,3494,8646,1579,5471,5331,1460,3144,1990,607,1529,1279,404,932,1493,174,1669,835,235,535
2,2005,404,'610452020',111,NO,KG,1407,360,627,0,0,0,0,0,0,0,0,0,0,0,0,460,76,249,947,284,378,0,0,0,0,0,0,0,0,0,0,0,0,0,0,0,0,0,0
2,2005,404,'610452020',118,NO,KG,590,103,475,0,0,0,0,0,0,0,0,0,0,0,0,0,0,0,0,0,0,0,0,0,0,0,0,362,60,267,228,43,208,0,0,0,0,0,0
2,2005,404,'610452020',123,NO,KG,5921,2123,3389,0,0,0,0,0,0,0,0,0,0,0,0,0,0,0,0,0,0,0,0,0,0,0,0,0,0,0,0,0,0,4782,1733,2654,1139,390,735
2,2005,404,'610452020',210,NO,KG,521,184,2403,0,0,0,263,86,1388,0,0,0,0,0,0,0,0,0,0,0,0,0,0,0,258,98,1015,0,0,0,0,0,0,0,0,0,0,0,0
2,2005,404,'610452020',220,NO,KG,463,112,2430,0,0,0,396,89,1907,0,0,0,0,0,0,0,0,0,0,0,0,0,0,0,0,0,0,0,0,0,50,20,240,17,3,283,0,0,0
2,2005,404,'610452020',234,NO,KG,86,17,276,0,0,0,0,0,0,86,17,276,0,0,0,0,0,0,0,0,0,0,0,0,0,0,0,0,0,0,0,0,0,0,0,0,0,0,0
2,2005,404,'610452020',304,NO,KG,201,75,275,0,0,0,0,0,0,0,0,0,0,0,0,201,75,275,0,0,0,0,0,0,0,0,0,0,0,0,0,0,0,0,0,0,0,0,0
2,2005,404,'610452020',407,NO,KG,315,78,454,0,0,0,315,78,454,0,0,0,0,0,0,0,0,0,0,0,0,0,0,0,0,0,0,0,0,0,0,0,0,0,0,0,0,0,0
2,2005,404,'610453010',103,NO,KG,117773,26003,82562,5552,1426,1500,1887,512,515,4079,1574,1105,696,107,765,5699,939,6093,9366,1557,9673,11101,2207,12709,8397,1610,8523,29070,6532,16425,18798,4225,12360,16679,3827,9497,6449,1487,3397
2,2005,404,'610453010',105,NO,KG,78470,21014,72634,2644,669,3290,4396,737,3560,3322,904,3555,6669,1773,7434,912,184,869,1531,204,730,3557,721,2212,3481,768,3617,7609,2670,9720,14953,4530,12585,8364,2469,6478,21032,5385,18584
2,2005,404,'610453010',111,NO,KG,1646,407,810,0,0,0,0,0,0,0,0,0,1300,338,593,0,0,0,0,0,0,0,0,0,0,0,0,0,0,0,346,69,217,0,0,0,0,0,0
2,2005,404,'610453010',123,NO,KG,1000,150,271,0,0,0,0,0,0,0,0,0,0,0,0,0,0,0,0,0,0,0,0,0,0,0,0,0,0,0,0,0,0,1000,150,271,0,0,0
2,2005,404,'610453010',205,NO,KG,30,9,280,0,0,0,0,0,0,0,0,0,0,0,0,30,9,280,0,0,0,0,0,0,0,0,0,0,0,0,0,0,0,0,0,0,0,0,0
2,2005,404,'610453010',210,NO,KG,161,60,1236,0,0,0,0,0,0,47,16,214,0,0,0,0,0,0,0,0,0,0,0,0,114,44,1022,0,0,0,0,0,0,0,0,0,0,0,0
2,2005,404,'610453010',218,NO,KG,195,54,532,0,0,0,0,0,0,0,0,0,0,0,0,0,0,0,0,0,0,0,0,0,0,0,0,0,0,0,115,35,220,80,19,312,0,0,0
2,2005,404,'610453010',220,NO,KG,2598,622,12593,0,0,0,1154,244,5600,572,140,2287,131,47,369,0,0,0,29,6,207,217,34,1562,495,151,2568,0,0,0,0,0,0,0,0,0,0,0,0
2,2005,404,'610453010',232,NO,KG,60,18,972,0,0,0,0,0,0,0,0,0,0,0,0,0,0,0,60,18,972,0,0,0,0,0,0,0,0,0,0,0,0,0,0,0,0,0,0
2,2005,404,'610453010',302,NO,KG,447,140,1108,0,0,0,0,0,0,137,63,502,0,0,0,0,0,0,310,77,606,0,0,0,0,0,0,0,0,0,0,0,0,0,0,0,0,0,0
2,2005,404,'610453010',304,NO,KG,33,13,224,0,0,0,0,0,0,0,0,0,0,0,0,0,0,0,33,13,224,0,0,0,0,0,0,0,0,0,0,0,0,0,0,0,0,0,0
2,2005,404,'610453020',103,NO,KG,26450,5544,17941,0,0,0,0,0,0,1593,340,2030,4274,706,2690,1406,281,1012,269,50,203,1067,177,896,5368,1068,3641,4577,998,2867,4700,1128,3157,0,0,0,3196,796,1445
2,2005,404,'610453020',105,NO,KG,54051,12787,42598,3604,1050,2937,0,0,0,2161,535,1717,1759,349,1674,1658,348,2940,10834,1961,6069,551,180,803,5579,1378,5004,14216,3618,11056,7518,2032,6341,511,109,328,5660,1227,3729
2,2005,404,'610453020',111,NO,KG,1200,312,545,0,0,0,0,0,0,0,0,0,0,0,0,1200,312,545,0,0,0,0,0,0,0,0,0,0,0,0,0,0,0,0,0,0,0,0,0
2,2005,404,'610453020',118,NO,KG,400,50,239,0,0,0,0,0,0,0,0,0,400,50,239,0,0,0,0,0,0,0,0,0,0,0,0,0,0,0,0,0,0,0,0,0,0,0,0
2,2005,404,'610453020',210,NO,KG,485,152,2707,0,0,0,0,0,0,62,19,449,0,0,0,0,0,0,0,0,0,18,10,321,405,123,1937,0,0,0,0,0,0,0,0,0,0,0,0
2,2005,404,'610453020',220,NO,KG,1126,290,3733,0,0,0,0,0,0,125,20,594,0,0,0,0,0,0,0,0,0,0,0,0,491,128,1652,459,122,1249,51,20,238,0,0,0,0,0,0
2,2005,404,'610453020',302,NO,KG,1208,305,2534,0,0,0,0,0,0,454,92,773,0,0,0,0,0,0,0,0,0,754,213,1761,0,0,0,0,0,0,0,0,0,0,0,0,0,0,0
2,2005,404,'610459011',103,NO,KG,736,204,1519,0,0,0,0,0,0,0,0,0,0,0,0,0,0,0,296,81,518,0,0,0,219,76,652,0,0,0,221,47,349,0,0,0,0,0,0
2,2005,404,'610459011',105,NO,KG,3007,821,7565,36,9,245,171,35,531,314,95,795,1001,246,2948,133,35,274,0,0,0,112,35,419,430,155,1175,93,35,289,229,68,374,253,70,269,235,38,246
2,2005,404,'610459011',118,NO,KG,390,78,535,0,0,0,0,0,0,0,0,0,0,0,0,0,0,0,0,0,0,0,0,0,0,0,0,0,0,0,0,0,0,0,0,0,390,78,535
2,2005,404,'610459011',123,NO,KG,368,115,892,0,0,0,0,0,0,0,0,0,0,0,0,0,0,0,0,0,0,0,0,0,152,60,676,0,0,0,0,0,0,216,55,216,0,0,0
2,2005,404,'610459011',210,NO,KG,223,62,2507,21,4,284,190,53,1448,0,0,0,0,0,0,0,0,0,0,0,0,0,0,0,0,0,0,10,4,381,0,0,0,0,0,0,2,1,394
2,2005,404,'610459011',218,NO,KG,175,57,1196,0,0,0,0,0,0,0,0,0,0,0,0,0,0,0,0,0,0,113,33,853,62,24,343,0,0,0,0,0,0,0,0,0,0,0,0
2,2005,404,'610459011',220,NO,KG,3615,930,27971,948,230,3080,422,75,2546,234,69,3035,316,100,4437,0,0,0,273,57,2697,143,56,3645,201,73,2548,100,36,2050,0,0,0,0,0,0,978,234,3933
2,2005,404,'610459011',222,NO,KG,53,15,269,0,0,0,0,0,0,0,0,0,0,0,0,0,0,0,0,0,0,0,0,0,53,15,269,0,0,0,0,0,0,0,0,0,0,0,0
2,2005,404,'610459011',231,NO,KG,140,63,303,0,0,0,0,0,0,140,63,303,0,0,0,0,0,0,0,0,0,0,0,0,0,0,0,0,0,0,0,0,0,0,0,0,0,0,0
2,2005,404,'610459011',304,NO,KG,148,28,650,0,0,0,44,8,302,0,0,0,0,0,0,0,0,0,0,0,0,104,20,348,0,0,0,0,0,0,0,0,0,0,0,0,0,0,0
2,2005,404,'610459011',504,NO,KG,88,23,461,0,0,0,0,0,0,88,23,461,0,0,0,0,0,0,0,0,0,0,0,0,0,0,0,0,0,0,0,0,0,0,0,0,0,0,0
2,2005,404,'610459019',103,NO,KG,741,125,809,0,0,0,0,0,0,0,0,0,0,0,0,0,0,0,283,45,308,458,80,501,0,0,0,0,0,0,0,0,0,0,0,0,0,0,0
2,2005,404,'610459019',105,NO,KG,3383,1039,9389,302,82,813,0,0,0,1476,447,3416,1403,465,3630,0,0,0,0,0,0,150,35,789,15,3,217,15,4,213,0,0,0,22,3,311,0,0,0
2,2005,404,'610459019',123,NO,KG,172,45,587,0,0,0,0,0,0,0,0,0,0,0,0,0,0,0,0,0,0,0,0,0,0,0,0,0,0,0,0,0,0,0,0,0,172,45,587
2,2005,404,'610459019',205,NO,KG,24,9,248,24,9,248,0,0,0,0,0,0,0,0,0,0,0,0,0,0,0,0,0,0,0,0,0,0,0,0,0,0,0,0,0,0,0,0,0
2,2005,404,'610459019',210,NO,KG,136,43,1181,53,21,566,0,0,0,46,11,298,0,0,0,0,0,0,0,0,0,0,0,0,0,0,0,37,11,317,0,0,0,0,0,0,0,0,0
2,2005,404,'610459019',220,NO,KG,167,51,3827,28,7,990,6,1,239,23,8,601,0,0,0,0,0,0,0,0,0,9,3,252,77,25,1266,0,0,0,0,0,0,0,0,0,24,7,479
2,2005,404,'610459020',103,NO,KG,691,140,498,0,0,0,0,0,0,0,0,0,0,0,0,0,0,0,381,80,230,0,0,0,310,60,268,0,0,0,0,0,0,0,0,0,0,0,0
2,2005,404,'610459020',105,NO,KG,6163,1786,11149,232,67,294,0,0,0,350,85,501,239,67,1047,1458,527,3752,0,0,0,1997,535,2322,954,283,2136,361,111,312,398,61,363,174,50,422,0,0,0
2,2005,404,'610459020',210,NO,KG,637,160,2759,0,0,0,0,0,0,637,160,2759,0,0,0,0,0,0,0,0,0,0,0,0,0,0,0,0,0,0,0,0,0,0,0,0,0,0,0
2,2005,404,'610459020',220,NO,KG,1568,436,28468,285,84,9318,349,91,4247,309,64,3049,0,0,0,0,0,0,6,1,208,205,70,6691,118,21,968,47,17,1695,139,60,554,39,11,325,71,17,1413
2,2005,404,'610459020',231,NO,KG,83,20,528,0,0,0,0,0,0,0,0,0,0,0,0,0,0,0,0,0,0,0,0,0,0,0,0,0,0,0,0,0,0,0,0,0,83,20,528
2,2005,404,'610459020',232,NO,KG,30,7,460,0,0,0,0,0,0,0,0,0,0,0,0,0,0,0,30,7,460,0,0,0,0,0,0,0,0,0,0,0,0,0,0,0,0,0,0
2,2005,404,'610461010',105,NO,KG,151,31,1165,0,0,0,0,0,0,0,0,0,0,0,0,0,0,0,0,0,0,109,24,844,0,0,0,42,7,321,0,0,0,0,0,0,0,0,0
2,2005,404,'610461010',110,NO,KG,542,55,669,0,0,0,0,0,0,0,0,0,0,0,0,0,0,0,0,0,0,0,0,0,0,0,0,209,21,255,333,34,414,0,0,0,0,0,0
2,2005,404,'610461010',210,NO,KG,49,20,811,0,0,0,11,3,278,10,3,257,0,0,0,0,0,0,0,0,0,0,0,0,0,0,0,28,14,276,0,0,0,0,0,0,0,0,0
2,2005,404,'610461010',215,NO,KG,107,24,2780,0,0,0,20,3,464,0,0,0,0,0,0,0,0,0,0,0,0,0,0,0,87,21,2316,0,0,0,0,0,0,0,0,0,0,0,0
2,2005,404,'610461010',220,NO,KG,304,138,3879,0,0,0,0,0,0,0,0,0,0,0,0,0,0,0,0,0,0,201,90,2883,98,46,739,5,2,257,0,0,0,0,0,0,0,0,0
2,2005,404,'610461010',225,NO,KG,73,36,797,0,0,0,0,0,0,0,0,0,0,0,0,0,0,0,0,0,0,0,0,0,0,0,0,73,36,797,0,0,0,0,0,0,0,0,0
2,2005,404,'610461010',232,NO,KG,31,12,332,0,0,0,0,0,0,0,0,0,0,0,0,0,0,0,0,0,0,0,0,0,0,0,0,0,0,0,0,0,0,31,12,332,0,0,0
2,2005,404,'610461020',105,NO,KG,1542,574,3902,0,0,0,0,0,0,0,0,0,0,0,0,0,0,0,65,9,517,0,0,0,106,18,285,298,109,787,104,58,409,969,380,1904,0,0,0
2,2005,404,'610461020',205,NO,KG,18,11,415,0,0,0,0,0,0,0,0,0,0,0,0,0,0,0,0,0,0,0,0,0,18,11,415,0,0,0,0,0,0,0,0,0,0,0,0
2,2005,404,'610461020',215,NO,KG,22,7,580,0,0,0,0,0,0,0,0,0,0,0,0,0,0,0,0,0,0,0,0,0,0,0,0,14,5,365,0,0,0,0,0,0,8,2,215
2,2005,404,'610461020',220,NO,KG,141,42,1903,0,0,0,0,0,0,0,0,0,0,0,0,0,0,0,81,21,463,48,18,1137,0,0,0,0,0,0,12,3,303,0,0,0,0,0,0
2,2005,404,'610462010',103,NO,KG,46721,13090,22800,0,0,0,0,0,0,0,0,0,3065,715,1248,17016,4584,7701,9336,2907,4664,12025,3411,6012,0,0,0,1805,449,1228,2093,666,1263,1272,304,401,109,54,283
2,2005,404,'610462010',105,NO,KG,327847,69421,196546,9273,2542,9700,18508,3885,13375,56300,11066,28000,59728,8961,31286,23016,3729,10021,2322,492,1425,27196,6433,17138,34593,8547,22840,36993,9477,28027,22669,6547,15555,16137,3101,8642,21112,4641,10537
2,2005,404,'610462010',106,NO,KG,406,70,616,0,0,0,0,0,0,169,45,252,0,0,0,237,25,364,0,0,0,0,0,0,0,0,0,0,0,0,0,0,0,0,0,0,0,0,0
2,2005,404,'610462010',110,NO,KG,3452,530,3013,0,0,0,0,0,0,0,0,0,433,50,351,0,0,0,0,0,0,0,0,0,1899,211,1436,540,157,672,0,0,0,0,0,0,580,112,554
2,2005,404,'610462010',111,NO,KG,4078,260,874,0,0,0,0,0,0,0,0,0,3648,183,631,0,0,0,0,0,0,0,0,0,0,0,0,0,0,0,0,0,0,0,0,0,430,77,243
2,2005,404,'610462010',112,NO,KG,104,21,327,0,0,0,0,0,0,0,0,0,0,0,0,0,0,0,0,0,0,0,0,0,0,0,0,0,0,0,104,21,327,0,0,0,0,0,0
2,2005,404,'610462010',113,NO,KG,111,80,223,0,0,0,0,0,0,0,0,0,0,0,0,0,0,0,111,80,223,0,0,0,0,0,0,0,0,0,0,0,0,0,0,0,0,0,0
2,2005,404,'610462010',118,NO,KG,20726,5139,18042,686,142,355,2385,845,2455,1572,602,1794,443,162,510,6384,656,3119,466,170,588,469,152,580,1670,443,1405,1857,907,2276,1858,557,1990,903,180,1194,2033,323,1776
2,2005,404,'610462010',123,NO,KG,535,102,655,0,0,0,0,0,0,0,0,0,0,0,0,0,0,0,222,23,398,0,0,0,0,0,0,0,0,0,0,0,0,0,0,0,313,79,257
2,2005,404,'610462010',129,NO,KG,60,24,263,0,0,0,0,0,0,0,0,0,0,0,0,0,0,0,0,0,0,0,0,0,60,24,263,0,0,0,0,0,0,0,0,0,0,0,0
2,2005,404,'610462010',205,NO,KG,207,67,987,0,0,0,67,11,287,0,0,0,0,0,0,0,0,0,0,0,0,0,0,0,140,56,700,0,0,0,0,0,0,0,0,0,0,0,0
2,2005,404,'610462010',207,NO,KG,170,41,621,0,0,0,71,17,238,0,0,0,0,0,0,0,0,0,0,0,0,0,0,0,99,24,383,0,0,0,0,0,0,0,0,0,0,0,0
2,2005,404,'610462010',210,NO,KG,361,66,892,0,0,0,82,8,246,79,18,298,0,0,0,0,0,0,0,0,0,0,0,0,200,40,348,0,0,0,0,0,0,0,0,0,0,0,0
2,2005,404,'610462010',217,NO,KG,2482,389,4277,916,106,1372,277,89,538,0,0,0,175,20,242,0,0,0,92,9,386,230,43,377,501,88,944,0,0,0,0,0,0,0,0,0,291,34,418
2,2005,404,'610462010',218,NO,KG,344,66,347,0,0,0,0,0,0,0,0,0,0,0,0,0,0,0,0,0,0,0,0,0,0,0,0,344,66,347,0,0,0,0,0,0,0,0,0
2,2005,404,'610462010',220,NO,KG,4720,1226,16175,226,68,1245,270,61,991,1229,365,4200,110,22,517,0,0,0,203,56,573,106,31,629,918,233,3051,68,21,245,154,62,477,0,0,0,1436,307,4247
2,2005,404,'610462010',230,NO,KG,360,120,793,0,0,0,0,0,0,360,120,793,0,0,0,0,0,0,0,0,0,0,0,0,0,0,0,0,0,0,0,0,0,0,0,0,0,0,0
2,2005,404,'610462010',231,NO,KG,342,113,1010,0,0,0,342,113,1010,0,0,0,0,0,0,0,0,0,0,0,0,0,0,0,0,0,0,0,0,0,0,0,0,0,0,0,0,0,0
2,2005,404,'610462010',232,NO,KG,93,32,202,0,0,0,0,0,0,0,0,0,93,32,202,0,0,0,0,0,0,0,0,0,0,0,0,0,0,0,0,0,0,0,0,0,0,0,0
2,2005,404,'610462010',234,NO,KG,2691,958,4813,0,0,0,0,0,0,166,23,409,0,0,0,0,0,0,445,190,655,576,188,832,235,160,468,433,111,599,836,286,1850,0,0,0,0,0,0
2,2005,404,'610462010',302,NO,KG,841,250,1613,0,0,0,0,0,0,0,0,0,841,250,1613,0,0,0,0,0,0,0,0,0,0,0,0,0,0,0,0,0,0,0,0,0,0,0,0
2,2005,404,'610462010',304,NO,KG,16374,4825,71202,0,0,0,253,113,820,90,20,276,2885,693,12482,61,40,248,0,0,0,722,162,2786,2580,903,10909,1782,457,7332,4167,1277,17971,75,31,403,3759,1129,17975
2,2005,404,'610462010',401,NO,KG,453,50,653,0,0,0,0,0,0,0,0,0,0,0,0,0,0,0,0,0,0,0,0,0,0,0,0,0,0,0,0,0,0,0,0,0,453,50,653
2,2005,404,'610462020',103,NO,KG,12472,2711,5363,0,0,0,0,0,0,0,0,0,5127,1115,1901,4550,1007,2201,1618,339,824,559,40,221,0,0,0,0,0,0,0,0,0,0,0,0,618,210,216
2,2005,404,'610462020',105,NO,KG,361258,59514,134790,8603,678,2493,7849,1200,4235,84148,13158,24948,104033,14246,39359,56487,7418,17781,11526,2003,4039,18877,4092,8351,23799,4670,9851,14151,3442,8056,6817,1910,4679,3265,958,1832,21703,5739,9166
2,2005,404,'610462020',106,NO,KG,827,259,796,0,0,0,0,0,0,0,0,0,0,0,0,0,0,0,0,0,0,0,0,0,0,0,0,827,259,796,0,0,0,0,0,0,0,0,0
2,2005,404,'610462020',110,NO,KG,292,119,414,292,119,414,0,0,0,0,0,0,0,0,0,0,0,0,0,0,0,0,0,0,0,0,0,0,0,0,0,0,0,0,0,0,0,0,0
2,2005,404,'610462020',118,NO,KG,4255,702,3229,0,0,0,668,103,534,0,0,0,0,0,0,502,140,427,1074,114,465,515,81,546,814,126,528,682,138,729,0,0,0,0,0,0,0,0,0
2,2005,404,'610462020',123,NO,KG,2263,579,1787,0,0,0,0,0,0,0,0,0,2263,579,1787,0,0,0,0,0,0,0,0,0,0,0,0,0,0,0,0,0,0,0,0,0,0,0,0
2,2005,404,'610462020',207,NO,KG,95,37,386,0,0,0,0,0,0,0,0,0,0,0,0,0,0,0,0,0,0,0,0,0,95,37,386,0,0,0,0,0,0,0,0,0,0,0,0
2,2005,404,'610462020',210,NO,KG,861,207,3186,0,0,0,231,76,1130,0,0,0,343,59,1221,126,13,223,0,0,0,0,0,0,161,59,612,0,0,0,0,0,0,0,0,0,0,0,0
2,2005,404,'610462020',215,NO,KG,40,8,473,0,0,0,0,0,0,0,0,0,0,0,0,40,8,473,0,0,0,0,0,0,0,0,0,0,0,0,0,0,0,0,0,0,0,0,0
2,2005,404,'610462020',220,NO,KG,140,28,470,0,0,0,0,0,0,0,0,0,0,0,0,0,0,0,140,28,470,0,0,0,0,0,0,0,0,0,0,0,0,0,0,0,0,0,0
2,2005,404,'610462020',304,NO,KG,5030,1798,5363,0,0,0,0,0,0,600,51,235,0,0,0,0,0,0,0,0,0,426,170,466,992,591,1147,953,329,1219,314,170,347,1001,301,1093,744,186,856
2,2005,404,'610463010',103,NO,KG,21955,5444,17059,0,0,0,0,0,0,1170,341,600,0,0,0,3875,821,3418,3699,709,3648,3096,772,3489,1764,539,1100,2491,614,1088,1963,498,1624,971,298,428,2926,852,1664
2,2005,404,'610463010',104,NO,KG,584,228,1468,0,0,0,0,0,0,0,0,0,584,228,1468,0,0,0,0,0,0,0,0,0,0,0,0,0,0,0,0,0,0,0,0,0,0,0,0
2,2005,404,'610463010',105,NO,KG,239313,68841,175141,13603,4379,11476,27954,6638,22907,40926,11773,24614,25444,6986,19853,8719,1557,8914,16726,4259,8562,8937,2119,6387,26461,8748,16190,19295,6626,18866,21769,6143,14228,14911,4169,10132,14568,5444,13012
2,2005,404,'610463010',106,NO,KG,583,113,1060,0,0,0,0,0,0,0,0,0,0,0,0,0,0,0,0,0,0,0,0,0,0,0,0,0,0,0,0,0,0,112,30,201,471,83,859
2,2005,404,'610463010',108,NO,KG,600,220,325,0,0,0,0,0,0,600,220,325,0,0,0,0,0,0,0,0,0,0,0,0,0,0,0,0,0,0,0,0,0,0,0,0,0,0,0
2,2005,404,'610463010',110,NO,KG,970,234,1433,0,0,0,0,0,0,0,0,0,0,0,0,0,0,0,385,72,447,0,0,0,380,95,659,205,67,327,0,0,0,0,0,0,0,0,0
2,2005,404,'610463010',111,NO,KG,4799,1580,4215,0,0,0,1300,520,1086,1899,484,1835,0,0,0,0,0,0,0,0,0,0,0,0,1600,576,1294,0,0,0,0,0,0,0,0,0,0,0,0
2,2005,404,'610463010',118,NO,KG,5276,1209,4825,216,8,245,481,97,266,2154,612,2128,0,0,0,240,115,246,0,0,0,0,0,0,185,41,225,0,0,0,0,0,0,2000,336,1715,0,0,0
2,2005,404,'610463010',204,NO,KG,205,38,368,0,0,0,0,0,0,205,38,368,0,0,0,0,0,0,0,0,0,0,0,0,0,0,0,0,0,0,0,0,0,0,0,0,0,0,0
2,2005,404,'610463010',205,NO,KG,185,35,243,0,0,0,0,0,0,0,0,0,0,0,0,0,0,0,0,0,0,0,0,0,185,35,243,0,0,0,0,0,0,0,0,0,0,0,0
2,2005,404,'610463010',210,NO,KG,128,39,1209,27,5,249,0,0,0,41,15,696,0,0,0,0,0,0,0,0,0,0,0,0,0,0,0,0,0,0,0,0,0,0,0,0,60,19,264
2,2005,404,'610463010',217,NO,KG,139,54,531,0,0,0,0,0,0,0,0,0,119,46,294,0,0,0,0,0,0,20,8,237,0,0,0,0,0,0,0,0,0,0,0,0,0,0,0
2,2005,404,'610463010',218,NO,KG,400,150,574,0,0,0,0,0,0,0,0,0,0,0,0,0,0,0,400,150,574,0,0,0,0,0,0,0,0,0,0,0,0,0,0,0,0,0,0
2,2005,404,'610463010',220,NO,KG,4888,1245,12983,259,51,410,0,0,0,1486,450,4059,70,35,252,0,0,0,209,62,602,0,0,0,1326,332,3638,264,62,991,40,6,203,0,0,0,1234,247,2828
2,2005,404,'610463010',223,NO,KG,142,15,278,0,0,0,0,0,0,0,0,0,0,0,0,0,0,0,0,0,0,0,0,0,0,0,0,142,15,278,0,0,0,0,0,0,0,0,0
2,2005,404,'610463010',230,NO,KG,91,31,755,58,18,459,0,0,0,33,13,296,0,0,0,0,0,0,0,0,0,0,0,0,0,0,0,0,0,0,0,0,0,0,0,0,0,0,0
2,2005,404,'610463010',232,NO,KG,280,45,677,0,0,0,0,0,0,280,45,677,0,0,0,0,0,0,0,0,0,0,0,0,0,0,0,0,0,0,0,0,0,0,0,0,0,0,0
2,2005,404,'610463010',234,NO,KG,79,39,202,0,0,0,0,0,0,0,0,0,0,0,0,0,0,0,0,0,0,0,0,0,0,0,0,0,0,0,79,39,202,0,0,0,0,0,0
2,2005,404,'610463010',302,NO,KG,383,98,860,0,0,0,101,20,245,129,37,291,0,0,0,0,0,0,153,41,324,0,0,0,0,0,0,0,0,0,0,0,0,0,0,0,0,0,0
2,2005,404,'610463010',304,NO,KG,2729,432,3947,70,26,306,0,0,0,119,23,216,0,0,0,63,19,231,0,0,0,1032,117,1367,71,15,211,789,140,1012,0,0,0,585,92,604,0,0,0
2,2005,404,'610463010',307,NO,KG,90,27,352,0,0,0,0,0,0,0,0,0,90,27,352,0,0,0,0,0,0,0,0,0,0,0,0,0,0,0,0,0,0,0,0,0,0,0,0
2,2005,404,'610463010',410,NO,KG,4541,1163,2798,3248,838,1711,0,0,0,0,0,0,0,0,0,0,0,0,653,166,354,0,0,0,437,105,247,0,0,0,0,0,0,203,54,486,0,0,0
2,2005,404,'610463010',601,NO,KG,681,208,1514,0,0,0,0,0,0,0,0,0,0,0,0,681,208,1514,0,0,0,0,0,0,0,0,0,0,0,0,0,0,0,0,0,0,0,0,0
2,2005,404,'610463020',103,NO,KG,9947,2305,5939,0,0,0,0,0,0,0,0,0,3236,708,1158,1824,374,1194,1147,190,1311,1130,219,593,1089,383,616,748,221,552,0,0,0,0,0,0,773,210,515
2,2005,404,'610463020',105,NO,KG,91270,24784,62806,1711,577,2418,5551,1524,3727,5843,1439,5092,8134,2086,4905,3156,577,898,7359,1656,2200,11089,3504,7607,9700,2591,8505,15017,4783,11173,8316,2767,7392,12324,2339,6620,3070,941,2269
2,2005,404,'610463020',106,NO,KG,7599,1288,6173,0,0,0,418,110,535,3108,611,2744,4073,567,2894,0,0,0,0,0,0,0,0,0,0,0,0,0,0,0,0,0,0,0,0,0,0,0,0
2,2005,404,'610463020',118,NO,KG,3046,1869,3571,0,0,0,0,0,0,0,0,0,792,66,332,0,0,0,2254,1803,3239,0,0,0,0,0,0,0,0,0,0,0,0,0,0,0,0,0,0
2,2005,404,'610463020',208,NO,KG,48,12,437,0,0,0,0,0,0,0,0,0,0,0,0,0,0,0,0,0,0,48,12,437,0,0,0,0,0,0,0,0,0,0,0,0,0,0,0
2,2005,404,'610463020',210,NO,KG,650,117,2466,0,0,0,0,0,0,0,0,0,0,0,0,0,0,0,21,6,205,0,0,0,629,111,2261,0,0,0,0,0,0,0,0,0,0,0,0
2,2005,404,'610463020',220,NO,KG,101,18,612,0,0,0,80,12,331,0,0,0,21,6,281,0,0,0,0,0,0,0,0,0,0,0,0,0,0,0,0,0,0,0,0,0,0,0,0
2,2005,404,'610463020',230,NO,KG,481,86,576,481,86,576,0,0,0,0,0,0,0,0,0,0,0,0,0,0,0,0,0,0,0,0,0,0,0,0,0,0,0,0,0,0,0,0,0
2,2005,404,'610463020',234,NO,KG,190,83,287,0,0,0,0,0,0,0,0,0,0,0,0,0,0,0,190,83,287,0,0,0,0,0,0,0,0,0,0,0,0,0,0,0,0,0,0
2,2005,404,'610463020',304,NO,KG,510,140,897,0,0,0,0,0,0,0,0,0,0,0,0,0,0,0,0,0,0,0,0,0,0,0,0,0,0,0,510,140,897,0,0,0,0,0,0
2,2005,404,'610463020',601,NO,KG,248,50,645,0,0,0,0,0,0,0,0,0,248,50,645,0,0,0,0,0,0,0,0,0,0,0,0,0,0,0,0,0,0,0,0,0,0,0,0
2,2005,404,'610469010',103,NO,KG,5117,1365,3453,0,0,0,0,0,0,1926,577,513,0,0,0,608,191,1150,431,110,976,1272,311,381,0,0,0,276,56,208,0,0,0,604,120,225,0,0,0
2,2005,404,'610469010',105,NO,KG,4346,776,4993,0,0,0,0,0,0,0,0,0,216,21,264,0,0,0,0,0,0,0,0,0,1521,303,2860,0,0,0,1600,217,346,1009,235,1523,0,0,0
2,2005,404,'610469010',210,NO,KG,64,11,277,0,0,0,64,11,277,0,0,0,0,0,0,0,0,0,0,0,0,0,0,0,0,0,0,0,0,0,0,0,0,0,0,0,0,0,0
2,2005,404,'610469010',220,NO,KG,2267,522,7790,494,104,763,39,26,390,216,78,1156,0,0,0,0,0,0,0,0,0,42,19,826,194,50,898,45,13,380,2,0,241,0,0,0,1235,232,3136
2,2005,404,'610469010',304,NO,KG,2929,602,2704,0,0,0,0,0,0,0,0,0,0,0,0,0,0,0,0,0,0,0,0,0,709,141,412,0,0,0,1511,297,1247,0,0,0,709,164,1045
2,2005,404,'610469010',501,NO,KG,384,195,1538,0,0,0,0,0,0,0,0,0,384,195,1538,0,0,0,0,0,0,0,0,0,0,0,0,0,0,0,0,0,0,0,0,0,0,0,0
2,2005,404,'610469020',103,NO,KG,2534,487,2030,0,0,0,0,0,0,0,0,0,340,104,821,174,60,534,2020,323,675,0,0,0,0,0,0,0,0,0,0,0,0,0,0,0,0,0,0
2,2005,404,'610469020',105,NO,KG,7190,1947,7278,0,0,0,0,0,0,0,0,0,250,82,885,0,0,0,175,42,455,0,0,0,524,120,602,3884,1105,3158,1546,329,933,612,220,899,199,49,346
2,2005,404,'610469020',210,NO,KG,120,32,542,0,0,0,0,0,0,120,32,542,0,0,0,0,0,0,0,0,0,0,0,0,0,0,0,0,0,0,0,0,0,0,0,0,0,0,0
2,2005,404,'610469020',220,NO,KG,794,254,17054,298,87,8231,180,59,2219,100,37,862,0,0,0,0,0,0,0,0,0,184,59,4894,9,3,212,0,0,0,0,0,0,0,0,0,23,9,636
2,2005,404,'610469020',231,NO,KG,140,42,824,0,0,0,0,0,0,0,0,0,0,0,0,0,0,0,0,0,0,0,0,0,0,0,0,0,0,0,0,0,0,0,0,0,140,42,824
2,2005,404,'610469020',304,NO,KG,662,99,407,0,0,0,0,0,0,0,0,0,0,0,0,0,0,0,0,0,0,0,0,0,662,99,407,0,0,0,0,0,0,0,0,0,0,0,0
2,2005,404,'610510011',103,NO,KG,865,206,980,0,0,0,0,0,0,0,0,0,113,64,236,552,82,242,0,0,0,0,0,0,200,60,502,0,0,0,0,0,0,0,0,0,0,0,0
2,2005,404,'610510011',105,NO,KG,436053,112179,351409,11805,3627,13956,22724,6131,27784,120412,29743,97773,78668,18867,58287,64632,16551,44993,34385,8038,24290,25546,6018,15597,48995,14463,40283,17044,5255,16975,7594,2108,5586,1724,625,2445,2524,753,3440
2,2005,404,'610510011',106,NO,KG,2105,586,6255,0,0,0,566,151,1681,264,66,725,829,222,2370,0,0,0,0,0,0,0,0,0,74,46,236,0,0,0,306,88,1011,66,13,232,0,0,0
2,2005,404,'610510011',108,NO,KG,3662,1005,17065,179,66,563,759,192,1992,1784,475,11302,452,158,835,0,0,0,0,0,0,0,0,0,0,0,0,110,27,554,58,11,244,200,40,1071,120,36,504
2,2005,404,'610510011',110,NO,KG,29928,7289,12984,0,0,0,0,0,0,2270,543,976,500,50,1364,3747,954,1961,0,0,0,1711,483,1041,20900,5019,7259,0,0,0,0,0,0,0,0,0,800,240,383
2,2005,404,'610510011',111,NO,KG,16869,4420,27007,0,0,0,2703,445,3301,4124,1003,7418,4611,1253,7634,0,0,0,2488,634,4477,116,29,542,1245,388,1814,0,0,0,337,258,459,318,144,749,927,266,613
2,2005,404,'610510011',113,NO,KG,487,152,1670,0,0,0,0,0,0,0,0,0,396,122,1184,0,0,0,0,0,0,0,0,0,0,0,0,91,30,486,0,0,0,0,0,0,0,0,0
2,2005,404,'610510011',116,NO,KG,254,68,908,0,0,0,0,0,0,0,0,0,0,0,0,0,0,0,0,0,0,0,0,0,0,0,0,100,32,277,0,0,0,0,0,0,154,36,631
2,2005,404,'610510011',117,NO,KG,377,105,1396,0,0,0,0,0,0,195,46,644,0,0,0,0,0,0,0,0,0,0,0,0,0,0,0,96,28,372,86,31,380,0,0,0,0,0,0
2,2005,404,'610510011',118,NO,KG,18603,5084,22164,2336,673,3014,537,215,1094,4407,982,3821,5270,1592,7808,0,0,0,240,52,208,1888,372,1682,75,26,325,0,0,0,0,0,0,0,0,0,3850,1172,4212
2,2005,404,'610510011',121,NO,KG,433,69,745,0,0,0,119,35,217,314,34,528,0,0,0,0,0,0,0,0,0,0,0,0,0,0,0,0,0,0,0,0,0,0,0,0,0,0,0
2,2005,404,'610510011',123,NO,KG,9886,2779,22556,499,124,946,1461,399,2965,2982,872,5622,594,118,1216,756,261,1249,1682,435,4607,316,121,1289,583,158,1635,85,17,454,94,28,520,124,46,334,710,200,1719
2,2005,404,'610510011',124,NO,KG,7314,2922,7637,0,0,0,1983,766,1563,436,164,311,1232,461,1377,729,110,783,1113,433,1072,0,0,0,850,430,1127,510,332,616,173,112,351,288,114,437,0,0,0
2,2005,404,'610510011',125,NO,KG,2238,553,5603,0,0,0,0,0,0,840,118,741,200,50,807,0,0,0,431,145,557,140,73,492,207,64,1052,0,0,0,0,0,0,288,50,1488,132,53,466
2,2005,404,'610510011',127,NO,KG,1590,471,3528,0,0,0,112,20,207,789,189,1493,0,0,0,0,0,0,0,0,0,143,72,302,221,77,577,179,85,433,146,28,516,0,0,0,0,0,0
2,2005,404,'610510011',129,NO,KG,6531,1759,18954,2896,1007,6522,595,161,1349,673,242,5548,158,34,394,0,0,0,0,0,0,0,0,0,0,0,0,60,15,266,520,89,1487,1629,211,3388,0,0,0
2,2005,404,'610510011',144,NO,KG,516,178,1347,0,0,0,150,34,356,0,0,0,0,0,0,0,0,0,366,144,991,0,0,0,0,0,0,0,0,0,0,0,0,0,0,0,0,0,0
2,2005,404,'610510011',204,NO,KG,907,180,1759,907,180,1759,0,0,0,0,0,0,0,0,0,0,0,0,0,0,0,0,0,0,0,0,0,0,0,0,0,0,0,0,0,0,0,0,0
2,2005,404,'610510011',205,NO,KG,36593,8876,106940,5616,1642,12549,9986,2182,25512,9030,2093,30261,1434,414,9776,592,144,2054,1302,400,3933,681,134,1686,185,43,881,0,0,0,82,24,684,0,0,0,7685,1800,19604
2,2005,404,'610510011',207,NO,KG,351,63,744,0,0,0,118,23,263,233,40,481,0,0,0,0,0,0,0,0,0,0,0,0,0,0,0,0,0,0,0,0,0,0,0,0,0,0,0
2,2005,404,'610510011',208,NO,KG,2048,411,12025,70,9,317,351,52,2150,277,52,1738,0,0,0,0,0,0,74,6,486,940,230,5311,140,22,795,0,0,0,0,0,0,0,0,0,196,40,1228
2,2005,404,'610510011',210,NO,KG,2009,457,9673,39,18,653,357,51,1261,566,105,2979,192,60,1062,0,0,0,0,0,0,23,6,230,832,217,3488,0,0,0,0,0,0,0,0,0,0,0,0
2,2005,404,'610510011',217,NO,KG,7763,2439,19277,1923,471,4236,3614,1269,8709,607,145,1845,212,46,1051,0,0,0,0,0,0,1195,400,2651,177,90,520,0,0,0,0,0,0,35,18,265,0,0,0
2,2005,404,'610510011',218,NO,KG,205,40,564,0,0,0,0,0,0,0,0,0,0,0,0,0,0,0,0,0,0,0,0,0,0,0,0,60,20,208,0,0,0,0,0,0,145,20,356
2,2005,404,'610510011',220,NO,KG,37941,8666,230049,4111,968,27124,10763,2448,61889,11722,2529,62536,2400,538,16696,190,39,1260,600,128,3492,1424,406,10019,1874,449,11425,1415,305,9675,204,53,2286,1165,234,7809,2073,569,15838
2,2005,404,'610510011',230,NO,KG,868,192,3254,91,20,559,594,134,1853,0,0,0,0,0,0,0,0,0,0,0,0,86,17,595,97,21,247,0,0,0,0,0,0,0,0,0,0,0,0
2,2005,404,'610510011',231,NO,KG,250,59,1695,31,9,258,169,35,1081,50,15,356,0,0,0,0,0,0,0,0,0,0,0,0,0,0,0,0,0,0,0,0,0,0,0,0,0,0,0
2,2005,404,'610510011',232,NO,KG,143,42,495,0,0,0,0,0,0,0,0,0,0,0,0,0,0,0,0,0,0,143,42,495,0,0,0,0,0,0,0,0,0,0,0,0,0,0,0
2,2005,404,'610510011',234,NO,KG,8346,2110,17230,652,179,1530,2511,649,4320,602,141,1173,591,130,1193,1711,379,3622,0,0,0,0,0,0,0,0,0,23,5,202,968,242,1732,1288,385,3458,0,0,0
2,2005,404,'610510011',304,NO,KG,11259,2394,37811,229,75,740,1958,339,4879,418,173,1209,2660,493,8242,1368,302,5774,790,168,2582,492,130,1173,1087,218,4391,581,105,2230,327,71,1192,391,89,1477,958,231,3922
2,2005,404,'610510011',305,NO,KG,757,137,1388,0,0,0,0,0,0,115,34,260,642,103,1128,0,0,0,0,0,0,0,0,0,0,0,0,0,0,0,0,0,0,0,0,0,0,0,0
2,2005,404,'610510011',306,NO,KG,427,63,396,0,0,0,0,0,0,427,63,396,0,0,0,0,0,0,0,0,0,0,0,0,0,0,0,0,0,0,0,0,0,0,0,0,0,0,0
2,2005,404,'610510011',307,NO,KG,2447,525,2810,0,0,0,600,105,275,300,55,254,393,98,534,924,210,728,0,0,0,0,0,0,0,0,0,230,57,1019,0,0,0,0,0,0,0,0,0
2,2005,404,'610510011',333,NO,KG,70,22,311,0,0,0,0,0,0,0,0,0,0,0,0,0,0,0,0,0,0,0,0,0,70,22,311,0,0,0,0,0,0,0,0,0,0,0,0
2,2005,404,'610510011',401,NO,KG,380,188,775,0,0,0,0,0,0,0,0,0,380,188,775,0,0,0,0,0,0,0,0,0,0,0,0,0,0,0,0,0,0,0,0,0,0,0,0
2,2005,404,'610510011',407,NO,KG,5192,1408,18855,443,205,1461,953,166,2392,386,95,1313,1793,419,7235,903,254,3313,0,0,0,0,0,0,528,149,2296,0,0,0,0,0,0,186,120,845,0,0,0
2,2005,404,'610510011',408,NO,KG,310,89,1186,0,0,0,120,48,396,190,41,790,0,0,0,0,0,0,0,0,0,0,0,0,0,0,0,0,0,0,0,0,0,0,0,0,0,0,0
2,2005,404,'610510011',410,NO,KG,812,201,3406,0,0,0,0,0,0,0,0,0,0,0,0,0,0,0,62,14,342,0,0,0,0,0,0,0,0,0,0,0,0,750,187,3064,0,0,0
2,2005,404,'610510011',411,NO,KG,600,79,764,0,0,0,0,0,0,0,0,0,0,0,0,0,0,0,0,0,0,0,0,0,0,0,0,0,0,0,0,0,0,0,0,0,600,79,764
2,2005,404,'610510011',504,NO,KG,303,61,807,0,0,0,151,27,282,152,34,525,0,0,0,0,0,0,0,0,0,0,0,0,0,0,0,0,0,0,0,0,0,0,0,0,0,0,0
2,2005,404,'610510011',547,NO,KG,1789,545,4427,0,0,0,588,109,1230,323,70,782,0,0,0,0,0,0,0,0,0,402,201,1003,476,165,1412,0,0,0,0,0,0,0,0,0,0,0,0
2,2005,404,'610510011',627,NO,KG,4026,1138,7163,204,25,309,0,0,0,247,60,775,390,150,1456,226,82,900,0,0,0,200,56,1052,152,35,501,0,0,0,0,0,0,0,0,0,2607,730,2170
2,2005,404,'610510012',103,NO,KG,17127,3354,15222,200,36,375,0,0,0,577,175,797,6884,1256,5011,5590,1089,4470,1517,345,1816,441,120,963,159,47,316,1759,286,1474,0,0,0,0,0,0,0,0,0
2,2005,404,'610510012',105,NO,KG,383873,88025,228827,10042,2730,8463,25983,6368,16208,62649,14505,36658,92374,19821,52729,30665,5314,19075,33854,5778,16362,29792,6861,26357,58622,16402,31816,5229,1628,3870,3781,1468,1176,2606,426,1654,28276,6724,14459
2,2005,404,'610510012',108,NO,KG,1914,511,3559,443,178,1112,510,116,531,108,25,250,243,61,508,0,0,0,0,0,0,0,0,0,412,92,291,0,0,0,125,20,661,73,19,206,0,0,0
2,2005,404,'610510012',110,NO,KG,733,126,1437,0,0,0,0,0,0,0,0,0,0,0,0,0,0,0,0,0,0,0,0,0,198,54,672,0,0,0,0,0,0,0,0,0,535,72,765
2,2005,404,'610510012',111,NO,KG,3444,589,3006,0,0,0,190,42,440,2631,298,2020,0,0,0,0,0,0,0,0,0,0,0,0,420,137,249,0,0,0,203,112,297,0,0,0,0,0,0
2,2005,404,'610510012',118,NO,KG,5759,1027,3124,0,0,0,1330,179,780,0,0,0,0,0,0,1229,302,773,0,0,0,0,0,0,0,0,0,3200,546,1571,0,0,0,0,0,0,0,0,0
2,2005,404,'610510012',121,NO,KG,141,30,258,141,30,258,0,0,0,0,0,0,0,0,0,0,0,0,0,0,0,0,0,0,0,0,0,0,0,0,0,0,0,0,0,0,0,0,0
2,2005,404,'610510012',123,NO,KG,707,226,1149,0,0,0,0,0,0,325,81,393,0,0,0,0,0,0,0,0,0,382,145,756,0,0,0,0,0,0,0,0,0,0,0,0,0,0,0
2,2005,404,'610510012',129,NO,KG,60,18,254,0,0,0,0,0,0,0,0,0,0,0,0,0,0,0,0,0,0,0,0,0,0,0,0,0,0,0,0,0,0,60,18,254,0,0,0
2,2005,404,'610510012',143,NO,KG,344,44,352,0,0,0,0,0,0,0,0,0,0,0,0,0,0,0,0,0,0,0,0,0,344,44,352,0,0,0,0,0,0,0,0,0,0,0,0
2,2005,404,'610510012',204,NO,KG,120,36,296,0,0,0,120,36,296,0,0,0,0,0,0,0,0,0,0,0,0,0,0,0,0,0,0,0,0,0,0,0,0,0,0,0,0,0,0
2,2005,404,'610510012',205,NO,KG,691,161,3114,55,8,402,358,99,803,70,15,473,141,25,1057,0,0,0,0,0,0,67,14,379,0,0,0,0,0,0,0,0,0,0,0,0,0,0,0
2,2005,404,'610510012',208,NO,KG,423,75,1383,0,0,0,238,25,734,0,0,0,0,0,0,0,0,0,0,0,0,0,0,0,185,50,649,0,0,0,0,0,0,0,0,0,0,0,0
2,2005,404,'610510012',210,NO,KG,334,100,4251,84,33,1179,0,0,0,0,0,0,0,0,0,0,0,0,0,0,0,0,0,0,250,67,3072,0,0,0,0,0,0,0,0,0,0,0,0
2,2005,404,'610510012',217,NO,KG,4331,932,7374,1425,278,2838,752,143,914,207,41,492,179,38,516,1111,222,1430,0,0,0,0,0,0,657,210,1184,0,0,0,0,0,0,0,0,0,0,0,0
2,2005,404,'610510012',220,NO,KG,9302,2311,56627,243,36,1740,2582,537,14178,2452,542,13645,636,120,3695,177,37,1003,64,13,532,210,49,1597,206,48,2387,606,142,3308,139,34,994,584,121,4168,1403,632,9380
2,2005,404,'610510012',224,NO,KG,185,30,243,0,0,0,0,0,0,0,0,0,0,0,0,0,0,0,0,0,0,185,30,243,0,0,0,0,0,0,0,0,0,0,0,0,0,0,0
2,2005,404,'610510012',232,NO,KG,96,28,332,0,0,0,0,0,0,0,0,0,0,0,0,0,0,0,96,28,332,0,0,0,0,0,0,0,0,0,0,0,0,0,0,0,0,0,0
2,2005,404,'610510012',234,NO,KG,881,232,2234,173,69,443,0,0,0,0,0,0,0,0,0,0,0,0,472,112,1034,0,0,0,196,40,513,40,11,244,0,0,0,0,0,0,0,0,0
2,2005,404,'610510012',302,NO,KG,359,27,234,0,0,0,0,0,0,359,27,234,0,0,0,0,0,0,0,0,0,0,0,0,0,0,0,0,0,0,0,0,0,0,0,0,0,0,0
2,2005,404,'610510012',304,NO,KG,18983,4241,21359,4075,1064,4831,3771,1047,4455,2664,407,1974,3157,594,2381,994,239,1267,2186,417,3119,1090,265,1480,717,142,1189,188,37,446,0,0,0,141,29,217,0,0,0
2,2005,404,'610510012',407,NO,KG,165,66,238,0,0,0,0,0,0,0,0,0,165,66,238,0,0,0,0,0,0,0,0,0,0,0,0,0,0,0,0,0,0,0,0,0,0,0,0
2,2005,404,'610510012',504,NO,KG,357,110,1239,0,0,0,357,110,1239,0,0,0,0,0,0,0,0,0,0,0,0,0,0,0,0,0,0,0,0,0,0,0,0,0,0,0,0,0,0
2,2005,404,'610510020',105,NO,KG,1785,592,1376,1785,592,1376,0,0,0,0,0,0,0,0,0,0,0,0,0,0,0,0,0,0,0,0,0,0,0,0,0,0,0,0,0,0,0,0,0
2,2005,404,'610510020',111,NO,KG,4074,610,1343,0,0,0,0,0,0,3892,565,946,0,0,0,0,0,0,0,0,0,182,45,397,0,0,0,0,0,0,0,0,0,0,0,0,0,0,0
2,2005,404,'610510020',220,NO,KG,21,11,250,0,0,0,0,0,0,0,0,0,0,0,0,0,0,0,0,0,0,21,11,250,0,0,0,0,0,0,0,0,0,0,0,0,0,0,0
2,2005,404,'610520011',103,NO,KG,335,125,467,0,0,0,0,0,0,0,0,0,0,0,0,0,0,0,0,0,0,0,0,0,0,0,0,0,0,0,0,0,0,0,0,0,335,125,467
2,2005,404,'610520011',105,NO,KG,389595,94851,274536,5570,1149,4363,12703,3502,11525,91622,21120,71444,57957,13772,34115,70887,16606,41301,47444,11378,31212,20532,5769,14658,22944,6152,16407,34317,8547,25331,19034,4909,16898,3365,913,3410,3220,1034,3872
2,2005,404,'610520011',110,NO,KG,23208,4099,13054,0,0,0,5910,1265,6306,15900,2525,5400,0,0,0,0,0,0,0,0,0,1363,297,1139,0,0,0,0,0,0,0,0,0,0,0,0,35,12,209
2,2005,404,'610520011',111,NO,KG,4766,1066,6718,0,0,0,0,0,0,704,169,760,180,50,250,0,0,0,0,0,0,0,0,0,1885,510,3945,1404,203,888,281,65,330,195,45,326,117,24,219
2,2005,404,'610520011',118,NO,KG,12581,3291,11791,875,218,715,836,205,561,5759,1704,6448,307,62,366,2001,494,1327,796,187,602,0,0,0,1395,256,1253,0,0,0,0,0,0,0,0,0,612,165,519
2,2005,404,'610520011',123,NO,KG,1120,262,1015,0,0,0,600,142,501,0,0,0,0,0,0,520,120,514,0,0,0,0,0,0,0,0,0,0,0,0,0,0,0,0,0,0,0,0,0
2,2005,404,'610520011',205,NO,KG,281,45,1096,183,18,563,0,0,0,0,0,0,0,0,0,48,12,250,0,0,0,0,0,0,50,15,283,0,0,0,0,0,0,0,0,0,0,0,0
2,2005,404,'610520011',213,NO,KG,821,140,1397,0,0,0,0,0,0,0,0,0,0,0,0,0,0,0,0,0,0,821,140,1397,0,0,0,0,0,0,0,0,0,0,0,0,0,0,0
2,2005,404,'610520011',217,NO,KG,891,208,1506,0,0,0,0,0,0,0,0,0,0,0,0,0,0,0,393,75,762,0,0,0,0,0,0,498,133,744,0,0,0,0,0,0,0,0,0
2,2005,404,'610520011',220,NO,KG,942,205,4722,0,0,0,366,65,837,76,42,993,347,71,2171,0,0,0,0,0,0,0,0,0,0,0,0,153,27,721,0,0,0,0,0,0,0,0,0
2,2005,404,'610520011',223,NO,KG,240,32,589,0,0,0,0,0,0,0,0,0,240,32,589,0,0,0,0,0,0,0,0,0,0,0,0,0,0,0,0,0,0,0,0,0,0,0,0
2,2005,404,'610520011',231,NO,KG,707,127,1615,0,0,0,0,0,0,0,0,0,0,0,0,0,0,0,0,0,0,0,0,0,205,32,382,502,95,1233,0,0,0,0,0,0,0,0,0
2,2005,404,'610520011',234,NO,KG,2504,489,4743,650,109,646,0,0,0,0,0,0,0,0,0,0,0,0,0,0,0,0,0,0,0,0,0,106,30,460,0,0,0,1748,350,3637,0,0,0
2,2005,404,'610520011',240,NO,KG,71,8,239,0,0,0,0,0,0,0,0,0,0,0,0,0,0,0,0,0,0,0,0,0,0,0,0,0,0,0,71,8,239,0,0,0,0,0,0
2,2005,404,'610520011',304,NO,KG,948,297,2583,0,0,0,248,78,800,543,105,1024,106,98,531,0,0,0,0,0,0,0,0,0,0,0,0,0,0,0,51,16,228,0,0,0,0,0,0
2,2005,404,'610520011',305,NO,KG,480,111,387,0,0,0,0,0,0,480,111,387,0,0,0,0,0,0,0,0,0,0,0,0,0,0,0,0,0,0,0,0,0,0,0,0,0,0,0
2,2005,404,'610520011',410,NO,KG,48,8,278,0,0,0,0,0,0,0,0,0,0,0,0,0,0,0,0,0,0,0,0,0,0,0,0,48,8,278,0,0,0,0,0,0,0,0,0
2,2005,404,'610520011',504,NO,KG,85,25,206,0,0,0,0,0,0,85,25,206,0,0,0,0,0,0,0,0,0,0,0,0,0,0,0,0,0,0,0,0,0,0,0,0,0,0,0
2,2005,404,'610520011',546,NO,KG,400,102,878,0,0,0,0,0,0,0,0,0,0,0,0,0,0,0,0,0,0,0,0,0,0,0,0,0,0,0,0,0,0,400,102,878,0,0,0
2,2005,404,'610520012',105,NO,KG,2692,868,2792,0,0,0,0,0,0,0,0,0,0,0,0,0,0,0,605,195,443,0,0,0,505,132,288,0,0,0,0,0,0,1582,541,2061,0,0,0
2,2005,404,'610520012',208,NO,KG,223,54,1457,0,0,0,0,0,0,0,0,0,0,0,0,0,0,0,0,0,0,223,54,1457,0,0,0,0,0,0,0,0,0,0,0,0,0,0,0
2,2005,404,'610520012',220,NO,KG,362,105,3696,231,68,1944,95,30,1249,31,6,226,0,0,0,0,0,0,0,0,0,0,0,0,5,1,277,0,0,0,0,0,0,0,0,0,0,0,0
2,2005,404,'610520012',230,NO,KG,47,9,209,47,9,209,0,0,0,0,0,0,0,0,0,0,0,0,0,0,0,0,0,0,0,0,0,0,0,0,0,0,0,0,0,0,0,0,0
2,2005,404,'610520013',103,NO,KG,696,124,770,0,0,0,0,0,0,0,0,0,0,0,0,332,51,375,0,0,0,0,0,0,0,0,0,0,0,0,0,0,0,364,73,395,0,0,0
2,2005,404,'610520013',105,NO,KG,26489,6809,15365,1440,479,297,879,187,599,3107,869,2308,4125,1154,1543,3669,980,2283,5782,999,3413,4957,1355,2655,1450,444,1441,0,0,0,818,180,471,0,0,0,262,162,355
2,2005,404,'610520013',111,NO,KG,493,134,739,0,0,0,0,0,0,0,0,0,0,0,0,493,134,739,0,0,0,0,0,0,0,0,0,0,0,0,0,0,0,0,0,0,0,0,0
2,2005,404,'610520013',118,NO,KG,60,14,258,0,0,0,0,0,0,0,0,0,0,0,0,0,0,0,0,0,0,60,14,258,0,0,0,0,0,0,0,0,0,0,0,0,0,0,0
2,2005,404,'610520013',123,NO,KG,120,15,240,0,0,0,0,0,0,0,0,0,0,0,0,0,0,0,0,0,0,120,15,240,0,0,0,0,0,0,0,0,0,0,0,0,0,0,0
2,2005,404,'610520013',147,NO,KG,300,137,713,0,0,0,0,0,0,0,0,0,0,0,0,0,0,0,0,0,0,0,0,0,300,137,713,0,0,0,0,0,0,0,0,0,0,0,0
2,2005,404,'610520013',205,NO,KG,59,31,328,0,0,0,0,0,0,59,31,328,0,0,0,0,0,0,0,0,0,0,0,0,0,0,0,0,0,0,0,0,0,0,0,0,0,0,0
2,2005,404,'610520013',208,NO,KG,66,11,230,0,0,0,0,0,0,0,0,0,0,0,0,0,0,0,0,0,0,66,11,230,0,0,0,0,0,0,0,0,0,0,0,0,0,0,0
2,2005,404,'610520013',217,NO,KG,2452,608,3767,687,161,1032,1765,447,2735,0,0,0,0,0,0,0,0,0,0,0,0,0,0,0,0,0,0,0,0,0,0,0,0,0,0,0,0,0,0
2,2005,404,'610520013',220,NO,KG,718,171,3612,0,0,0,652,156,2937,0,0,0,0,0,0,0,0,0,0,0,0,0,0,0,42,10,433,0,0,0,0,0,0,0,0,0,24,5,242
2,2005,404,'610520013',304,NO,KG,3164,444,2285,0,0,0,2495,344,1167,669,100,1118,0,0,0,0,0,0,0,0,0,0,0,0,0,0,0,0,0,0,0,0,0,0,0,0,0,0,0
2,2005,404,'610520013',307,NO,KG,250,50,435,0,0,0,0,0,0,0,0,0,0,0,0,0,0,0,0,0,0,250,50,435,0,0,0,0,0,0,0,0,0,0,0,0,0,0,0
2,2005,404,'610520013',407,NO,KG,30,15,302,0,0,0,0,0,0,0,0,0,0,0,0,0,0,0,0,0,0,0,0,0,0,0,0,0,0,0,0,0,0,30,15,302,0,0,0
2,2005,404,'610520019',103,NO,KG,428,65,483,0,0,0,0,0,0,0,0,0,0,0,0,428,65,483,0,0,0,0,0,0,0,0,0,0,0,0,0,0,0,0,0,0,0,0,0
2,2005,404,'610520019',105,NO,KG,3688,1143,2678,0,0,0,800,232,398,0,0,0,0,0,0,0,0,0,0,0,0,0,0,0,1368,448,1177,1520,463,1103,0,0,0,0,0,0,0,0,0
2,2005,404,'610520019',220,NO,KG,16,2,596,0,0,0,16,2,596,0,0,0,0,0,0,0,0,0,0,0,0,0,0,0,0,0,0,0,0,0,0,0,0,0,0,0,0,0,0
2,2005,404,'610520020',111,NO,KG,598,215,358,0,0,0,0,0,0,598,215,358,0,0,0,0,0,0,0,0,0,0,0,0,0,0,0,0,0,0,0,0,0,0,0,0,0,0,0
2,2005,404,'610590011',205,NO,KG,138,22,918,0,0,0,0,0,0,38,7,255,0,0,0,0,0,0,0,0,0,0,0,0,0,0,0,100,15,663,0,0,0,0,0,0,0,0,0
2,2005,404,'610590011',220,NO,KG,257,76,4990,34,6,1040,0,0,0,0,0,0,0,0,0,0,0,0,50,15,1647,0,0,0,34,13,580,73,24,919,66,18,804,0,0,0,0,0,0
2,2005,404,'610590012',105,NO,KG,8017,1543,5660,0,0,0,0,0,0,0,0,0,8017,1543,5660,0,0,0,0,0,0,0,0,0,0,0,0,0,0,0,0,0,0,0,0,0,0,0,0
2,2005,404,'610590012',108,NO,KG,45,9,276,0,0,0,0,0,0,0,0,0,0,0,0,0,0,0,0,0,0,45,9,276,0,0,0,0,0,0,0,0,0,0,0,0,0,0,0
2,2005,404,'610590012',111,NO,KG,141,25,299,0,0,0,0,0,0,0,0,0,141,25,299,0,0,0,0,0,0,0,0,0,0,0,0,0,0,0,0,0,0,0,0,0,0,0,0
2,2005,404,'610590012',208,NO,KG,28,6,236,0,0,0,0,0,0,0,0,0,0,0,0,0,0,0,0,0,0,0,0,0,0,0,0,0,0,0,0,0,0,0,0,0,28,6,236
2,2005,404,'610590012',220,NO,KG,324,82,3025,64,18,589,260,64,2436,0,0,0,0,0,0,0,0,0,0,0,0,0,0,0,0,0,0,0,0,0,0,0,0,0,0,0,0,0,0
2,2005,404,'610590013',105,NO,KG,359,71,784,0,0,0,0,0,0,0,0,0,0,0,0,0,0,0,0,0,0,0,0,0,359,71,784,0,0,0,0,0,0,0,0,0,0,0,0
2,2005,404,'610590013',110,NO,KG,188,33,838,0,0,0,0,0,0,0,0,0,0,0,0,0,0,0,0,0,0,0,0,0,188,33,838,0,0,0,0,0,0,0,0,0,0,0,0
2,2005,404,'610590013',205,NO,KG,11,4,204,11,4,204,0,0,0,0,0,0,0,0,0,0,0,0,0,0,0,0,0,0,0,0,0,0,0,0,0,0,0,0,0,0,0,0,0
2,2005,404,'610590013',220,NO,KG,290,77,3212,0,0,0,0,0,0,0,0,0,0,0,0,0,0,0,0,0,0,44,10,770,229,64,2229,0,0,0,17,3,213,0,0,0,0,0,0
2,2005,404,'610590019',105,NO,KG,1110,189,1052,0,0,0,0,0,0,0,0,0,0,0,0,635,98,477,475,91,575,0,0,0,0,0,0,0,0,0,0,0,0,0,0,0,0,0,0
2,2005,404,'610590019',110,NO,KG,832,159,1065,0,0,0,0,0,0,0,0,0,0,0,0,0,0,0,590,119,731,242,40,334,0,0,0,0,0,0,0,0,0,0,0,0,0,0,0
2,2005,404,'610590019',111,NO,KG,101,20,233,0,0,0,0,0,0,0,0,0,101,20,233,0,0,0,0,0,0,0,0,0,0,0,0,0,0,0,0,0,0,0,0,0,0,0,0
2,2005,404,'610590019',220,NO,KG,201,46,1449,0,0,0,63,12,605,138,34,844,0,0,0,0,0,0,0,0,0,0,0,0,0,0,0,0,0,0,0,0,0,0,0,0,0,0,0
2,2005,404,'610590019',304,NO,KG,1061,250,1020,0,0,0,0,0,0,1061,250,1020,0,0,0,0,0,0,0,0,0,0,0,0,0,0,0,0,0,0,0,0,0,0,0,0,0,0,0
2,2005,404,'610610011',103,NO,KG,328204,52924,209743,15101,3243,3560,19744,3710,6475,59808,11687,16806,17709,2298,14449,39488,5123,36246,37790,4974,32586,16451,2316,15792,14847,2295,16061,34744,5433,22651,22342,3740,21919,25091,3825,11130,25089,4280,12068
2,2005,404,'610610011',105,NO,KG,1892811,301352,1335064,38689,6558,37971,84386,14936,99521,257704,40399,205329,390937,60878,265904,261444,37062,169430,309555,46238,199341,216594,33519,122525,144468,27506,95942,79102,13270,60767,36501,6995,23770,29168,5295,18759,44263,8696,35805
2,2005,404,'610610011',106,NO,KG,782,157,1930,189,48,522,288,66,811,186,16,243,119,27,354,0,0,0,0,0,0,0,0,0,0,0,0,0,0,0,0,0,0,0,0,0,0,0,0
2,2005,404,'610610011',108,NO,KG,9928,1342,29209,439,99,2956,2959,349,10436,604,97,3096,1073,171,1611,1082,138,924,2362,178,1101,402,99,1612,0,0,0,370,81,2786,158,25,1636,131,24,1202,348,81,1849
2,2005,404,'610610011',110,NO,KG,8139,1596,14978,0,0,0,0,0,0,601,109,960,3488,335,6497,1480,356,3199,897,210,1692,0,0,0,811,459,1672,200,20,411,208,52,213,454,55,334,0,0,0
2,2005,404,'610610011',111,NO,KG,34710,4814,17103,3838,658,1421,2562,376,1246,13377,1725,6655,3221,299,1527,1687,208,834,0,0,0,2655,274,947,1815,391,2013,139,66,417,0,0,0,1226,200,537,4190,617,1506
2,2005,404,'610610011',117,NO,KG,1413,193,1193,0,0,0,0,0,0,216,43,284,1111,133,561,0,0,0,0,0,0,0,0,0,0,0,0,0,0,0,86,17,348,0,0,0,0,0,0
2,2005,404,'610610011',118,NO,KG,27762,6851,27586,1919,578,1305,3587,914,2888,6934,1494,6545,3533,963,2938,4254,827,6788,1795,373,1285,2092,593,1846,1437,421,1198,1950,636,1885,261,52,908,0,0,0,0,0,0
2,2005,404,'610610011',120,NO,KG,2328,482,3832,1674,396,2484,0,0,0,306,42,641,198,25,334,150,19,373,0,0,0,0,0,0,0,0,0,0,0,0,0,0,0,0,0,0,0,0,0
2,2005,404,'610610011',121,NO,KG,850,189,1480,0,0,0,0,0,0,850,189,1480,0,0,0,0,0,0,0,0,0,0,0,0,0,0,0,0,0,0,0,0,0,0,0,0,0,0,0
2,2005,404,'610610011',123,NO,KG,106200,13573,55472,3805,433,2032,3370,389,3832,25290,2640,11847,4848,454,3128,23305,3396,8018,26907,3150,12243,8644,1156,3552,2331,236,1052,1300,309,2779,3459,780,4435,379,114,246,2562,516,2308
2,2005,404,'610610011',124,NO,KG,186,45,207,0,0,0,0,0,0,186,45,207,0,0,0,0,0,0,0,0,0,0,0,0,0,0,0,0,0,0,0,0,0,0,0,0,0,0,0
2,2005,404,'610610011',125,NO,KG,209,54,536,0,0,0,0,0,0,209,54,536,0,0,0,0,0,0,0,0,0,0,0,0,0,0,0,0,0,0,0,0,0,0,0,0,0,0,0
2,2005,404,'610610011',127,NO,KG,2778,624,4190,0,0,0,164,32,285,1276,296,2052,0,0,0,0,0,0,0,0,0,0,0,0,737,188,1161,120,30,318,0,0,0,0,0,0,481,78,374
2,2005,404,'610610011',129,NO,KG,4879,984,24721,190,45,1183,431,85,3304,444,76,1162,0,0,0,114,10,278,151,35,659,1113,260,2428,179,45,1017,0,0,0,0,0,0,2002,369,13353,255,59,1337
2,2005,404,'610610011',144,NO,KG,630,110,1416,0,0,0,0,0,0,0,0,0,630,110,1416,0,0,0,0,0,0,0,0,0,0,0,0,0,0,0,0,0,0,0,0,0,0,0,0
2,2005,404,'610610011',205,NO,KG,10544,1660,33035,3737,483,12131,489,73,2137,524,79,1637,873,127,3468,253,25,985,629,62,866,519,87,1924,455,91,1153,996,147,3380,23,11,224,0,0,0,2046,475,5130
2,2005,404,'610610011',207,NO,KG,571,105,1479,0,0,0,0,0,0,170,25,480,122,18,281,0,0,0,0,0,0,0,0,0,152,32,502,0,0,0,127,30,216,0,0,0,0,0,0
2,2005,404,'610610011',208,NO,KG,3570,541,13049,0,0,0,2234,326,7322,608,106,2420,0,0,0,0,0,0,0,0,0,131,19,512,207,22,969,390,68,1826,0,0,0,0,0,0,0,0,0
2,2005,404,'610610011',210,NO,KG,11150,1840,46996,1160,174,3956,2227,309,8462,3583,597,19700,731,106,2589,415,58,1689,150,22,283,0,0,0,1265,215,4816,983,214,2971,553,130,1783,69,13,239,14,2,508
2,2005,404,'610610011',211,NO,KG,83,13,1400,17,5,279,0,0,0,66,8,1121,0,0,0,0,0,0,0,0,0,0,0,0,0,0,0,0,0,0,0,0,0,0,0,0,0,0,0
2,2005,404,'610610011',213,NO,KG,1307,185,6654,62,11,477,116,20,712,759,94,3606,135,22,623,0,0,0,0,0,0,89,17,599,0,0,0,0,0,0,0,0,0,0,0,0,146,21,637
2,2005,404,'610610011',217,NO,KG,43709,7619,142620,13128,2545,37075,6183,1087,21103,4707,745,19356,1669,211,5764,671,139,2752,3424,560,9950,2732,379,9369,1587,291,4835,726,191,2794,715,112,442,3690,647,11835,4477,712,17345
2,2005,404,'610610011',218,NO,KG,2050,353,9205,80,28,408,474,134,2390,746,83,3054,408,41,1642,0,0,0,0,0,0,168,26,944,40,8,265,134,33,502,0,0,0,0,0,0,0,0,0
2,2005,404,'610610011',220,NO,KG,130358,22639,674208,17541,3084,99297,32351,5190,160646,36717,6637,196272,11502,1835,44477,1544,240,5861,1037,306,9995,3798,739,21296,6695,1210,22050,3817,836,19726,1245,263,6978,1593,381,13750,12518,1918,73860
2,2005,404,'610610011',223,NO,KG,944,170,3726,0,0,0,0,0,0,194,38,986,179,46,220,68,10,382,0,0,0,0,0,0,324,39,970,179,37,1168,0,0,0,0,0,0,0,0,0
2,2005,404,'610610011',230,NO,KG,11613,2077,49543,2978,456,11120,2974,444,11585,541,113,2482,132,30,914,0,0,0,174,45,852,1524,312,6799,314,66,1659,168,38,1127,0,0,0,116,20,424,2692,553,12581
2,2005,404,'610610011',231,NO,KG,3504,617,19863,721,162,4551,541,70,2644,1578,292,8986,269,12,1502,0,0,0,162,36,886,119,19,625,79,17,431,0,0,0,0,0,0,0,0,0,35,9,238
2,2005,404,'610610011',232,NO,KG,2700,371,6480,0,0,0,1651,180,3107,682,103,1886,100,19,325,0,0,0,0,0,0,0,0,0,0,0,0,267,69,1162,0,0,0,0,0,0,0,0,0
2,2005,404,'610610011',234,NO,KG,22350,3364,65222,5567,846,21423,3635,480,15077,4358,554,8496,1019,126,1401,0,0,0,111,23,651,482,89,2279,384,72,1806,1729,352,4762,0,0,0,948,138,1890,4117,684,7437
2,2005,404,'610610011',239,NO,KG,477,191,2672,0,0,0,0,0,0,0,0,0,0,0,0,0,0,0,0,0,0,0,0,0,178,71,853,299,120,1819,0,0,0,0,0,0,0,0,0
2,2005,404,'610610011',242,NO,KG,26,9,262,0,0,0,0,0,0,0,0,0,0,0,0,0,0,0,0,0,0,0,0,0,0,0,0,0,0,0,26,9,262,0,0,0,0,0,0
2,2005,404,'610610011',243,NO,KG,1221,222,5757,342,58,1460,286,60,1320,361,58,1897,0,0,0,0,0,0,232,46,1080,0,0,0,0,0,0,0,0,0,0,0,0,0,0,0,0,0,0
2,2005,404,'610610011',302,NO,KG,581,65,919,0,0,0,581,65,919,0,0,0,0,0,0,0,0,0,0,0,0,0,0,0,0,0,0,0,0,0,0,0,0,0,0,0,0,0,0
2,2005,404,'610610011',304,NO,KG,109899,14443,261183,25373,3250,56016,8345,1152,21266,20099,2263,39448,12917,1733,27341,5088,701,11580,15402,1591,41164,13500,1973,35284,5288,1038,15375,922,180,3535,1433,308,4526,268,64,740,1264,190,4908
2,2005,404,'610610011',305,NO,KG,1060,124,1533,595,48,985,0,0,0,0,0,0,336,49,310,0,0,0,0,0,0,0,0,0,129,27,238,0,0,0,0,0,0,0,0,0,0,0,0
2,2005,404,'610610011',307,NO,KG,1675,256,2479,588,40,638,185,21,298,0,0,0,370,92,620,220,50,433,0,0,0,0,0,0,130,26,264,182,27,226,0,0,0,0,0,0,0,0,0
2,2005,404,'610610011',323,NO,KG,453,91,744,0,0,0,0,0,0,0,0,0,0,0,0,352,65,317,0,0,0,101,26,427,0,0,0,0,0,0,0,0,0,0,0,0,0,0,0
2,2005,404,'610610011',401,NO,KG,1217,309,2251,0,0,0,0,0,0,757,189,1518,460,120,733,0,0,0,0,0,0,0,0,0,0,0,0,0,0,0,0,0,0,0,0,0,0,0,0
2,2005,404,'610610011',407,NO,KG,4017,718,9703,0,0,0,1700,308,5083,1812,323,3490,405,74,895,0,0,0,0,0,0,0,0,0,100,13,235,0,0,0,0,0,0,0,0,0,0,0,0
2,2005,404,'610610011',408,NO,KG,990,259,2543,0,0,0,0,0,0,990,259,2543,0,0,0,0,0,0,0,0,0,0,0,0,0,0,0,0,0,0,0,0,0,0,0,0,0,0,0
2,2005,404,'610610011',410,NO,KG,589,130,794,0,0,0,0,0,0,0,0,0,0,0,0,0,0,0,0,0,0,0,0,0,589,130,794,0,0,0,0,0,0,0,0,0,0,0,0
2,2005,404,'610610011',504,NO,KG,1365,346,6528,438,85,1142,0,0,0,236,63,1506,0,0,0,0,0,0,0,0,0,30,6,258,131,50,628,0,0,0,0,0,0,422,104,2107,108,38,887
2,2005,404,'610610011',547,NO,KG,1241,298,3583,0,0,0,0,0,0,217,65,839,0,0,0,0,0,0,0,0,0,795,192,1995,0,0,0,0,0,0,229,41,749,0,0,0,0,0,0
2,2005,404,'610610011',601,NO,KG,77,19,963,0,0,0,0,0,0,0,0,0,0,0,0,0,0,0,77,19,963,0,0,0,0,0,0,0,0,0,0,0,0,0,0,0,0,0,0
2,2005,404,'610610011',627,NO,KG,554,133,1120,0,0,0,0,0,0,554,133,1120,0,0,0,0,0,0,0,0,0,0,0,0,0,0,0,0,0,0,0,0,0,0,0,0,0,0,0
2,2005,404,'610610012',103,NO,KG,260450,37803,137679,2622,200,697,1635,207,1301,2507,365,2030,24926,3121,17204,40841,5861,30549,34612,4279,25195,8628,1100,4860,6850,968,3514,19620,2973,7783,52082,7782,20209,44640,7015,15498,21487,3932,8839
2,2005,404,'610610012',104,NO,KG,503,53,343,0,0,0,0,0,0,0,0,0,0,0,0,0,0,0,0,0,0,0,0,0,0,0,0,503,53,343,0,0,0,0,0,0,0,0,0
2,2005,404,'610610012',105,NO,KG,2149735,309318,1152260,57197,9239,41184,71438,10586,44442,396277,57293,201230,579062,79391,293027,285764,38356,162045,293683,41257,163835,159049,21633,77946,113056,18101,68684,67660,10327,33495,35185,6165,17069,35097,6525,20536,56267,10445,28767
2,2005,404,'610610012',108,NO,KG,5199,700,4636,0,0,0,2216,345,3532,0,0,0,0,0,0,0,0,0,2983,355,1104,0,0,0,0,0,0,0,0,0,0,0,0,0,0,0,0,0,0
2,2005,404,'610610012',110,NO,KG,655,113,1479,655,113,1479,0,0,0,0,0,0,0,0,0,0,0,0,0,0,0,0,0,0,0,0,0,0,0,0,0,0,0,0,0,0,0,0,0
2,2005,404,'610610012',111,NO,KG,52459,6477,18563,736,115,472,0,0,0,4926,560,2425,20719,2624,7619,5595,693,2280,7349,778,1704,6970,772,1742,1241,312,834,2898,349,943,1144,142,308,881,132,236,0,0,0
2,2005,404,'610610012',118,NO,KG,19724,2590,10954,0,0,0,3353,672,2276,2584,530,1462,13192,1246,4755,0,0,0,0,0,0,150,45,475,0,0,0,445,97,1986,0,0,0,0,0,0,0,0,0
2,2005,404,'610610012',120,NO,KG,3098,592,6233,1646,389,3641,0,0,0,0,0,0,1344,178,2385,0,0,0,0,0,0,0,0,0,108,25,207,0,0,0,0,0,0,0,0,0,0,0,0
2,2005,404,'610610012',121,NO,KG,886,107,1057,886,107,1057,0,0,0,0,0,0,0,0,0,0,0,0,0,0,0,0,0,0,0,0,0,0,0,0,0,0,0,0,0,0,0,0,0
2,2005,404,'610610012',123,NO,KG,53016,6378,23670,538,69,838,8775,656,2979,4077,358,1683,20840,2105,7977,6251,1114,3127,3396,289,1184,5806,1121,2841,3200,625,2177,133,41,864,0,0,0,0,0,0,0,0,0
2,2005,404,'610610012',125,NO,KG,120,29,301,0,0,0,0,0,0,0,0,0,0,0,0,0,0,0,0,0,0,0,0,0,0,0,0,120,29,301,0,0,0,0,0,0,0,0,0
2,2005,404,'610610012',127,NO,KG,706,100,619,0,0,0,0,0,0,0,0,0,706,100,619,0,0,0,0,0,0,0,0,0,0,0,0,0,0,0,0,0,0,0,0,0,0,0,0
2,2005,404,'610610012',204,NO,KG,120,18,515,0,0,0,0,0,0,0,0,0,0,0,0,0,0,0,0,0,0,0,0,0,120,18,515,0,0,0,0,0,0,0,0,0,0,0,0
2,2005,404,'610610012',205,NO,KG,3339,435,15288,320,53,2639,1444,135,5686,796,124,4648,600,89,1474,0,0,0,0,0,0,76,15,286,103,19,555,0,0,0,0,0,0,0,0,0,0,0,0
2,2005,404,'610610012',207,NO,KG,80,22,234,0,0,0,0,0,0,0,0,0,0,0,0,0,0,0,0,0,0,0,0,0,80,22,234,0,0,0,0,0,0,0,0,0,0,0,0
2,2005,404,'610610012',208,NO,KG,1514,223,6248,54,10,531,229,29,813,640,67,2650,346,52,1503,0,0,0,0,0,0,0,0,0,245,65,751,0,0,0,0,0,0,0,0,0,0,0,0
2,2005,404,'610610012',210,NO,KG,10415,1516,28555,773,139,2551,3844,592,12261,2975,322,7159,732,114,2266,0,0,0,92,6,242,162,17,466,257,64,1132,461,91,1328,48,9,202,0,0,0,1071,162,948
2,2005,404,'610610012',211,NO,KG,87,11,356,0,0,0,0,0,0,87,11,356,0,0,0,0,0,0,0,0,0,0,0,0,0,0,0,0,0,0,0,0,0,0,0,0,0,0,0
2,2005,404,'610610012',213,NO,KG,80,14,460,0,0,0,0,0,0,45,10,238,0,0,0,0,0,0,0,0,0,0,0,0,35,4,222,0,0,0,0,0,0,0,0,0,0,0,0
2,2005,404,'610610012',217,NO,KG,2969,440,6952,0,0,0,907,150,2043,42,8,213,0,0,0,0,0,0,0,0,0,0,0,0,234,32,667,0,0,0,0,0,0,530,64,756,1256,186,3273
2,2005,404,'610610012',218,NO,KG,1561,267,1726,0,0,0,961,182,607,339,33,293,0,0,0,0,0,0,0,0,0,0,0,0,261,52,826,0,0,0,0,0,0,0,0,0,0,0,0
2,2005,404,'610610012',220,NO,KG,46803,7400,210273,6380,828,28965,13410,2106,49492,9957,1768,42421,3648,535,20016,548,85,2659,589,97,1757,797,148,5762,4636,687,15274,1377,278,7239,1209,238,6485,738,163,7466,3514,467,22737
2,2005,404,'610610012',225,NO,KG,199,64,578,0,0,0,0,0,0,0,0,0,0,0,0,0,0,0,0,0,0,0,0,0,0,0,0,0,0,0,199,64,578,0,0,0,0,0,0
2,2005,404,'610610012',230,NO,KG,1104,218,4808,0,0,0,185,25,283,89,8,433,0,0,0,0,0,0,0,0,0,100,20,371,496,113,2645,234,52,1076,0,0,0,0,0,0,0,0,0
2,2005,404,'610610012',231,NO,KG,274,25,556,0,0,0,0,0,0,0,0,0,0,0,0,0,0,0,0,0,0,0,0,0,0,0,0,0,0,0,0,0,0,0,0,0,274,25,556
2,2005,404,'610610012',232,NO,KG,917,107,1625,0,0,0,0,0,0,0,0,0,0,0,0,0,0,0,0,0,0,0,0,0,498,77,976,0,0,0,0,0,0,0,0,0,419,30,649
2,2005,404,'610610012',234,NO,KG,7842,1387,23374,316,35,568,93,11,521,522,84,1763,1050,195,1261,1288,194,3140,1068,155,4652,615,94,2144,290,40,1380,1085,197,3191,520,113,1251,848,241,2846,147,28,657
2,2005,404,'610610012',304,NO,KG,84924,12220,77522,2410,323,1346,7565,1328,9132,22271,3108,20359,8768,1056,7795,19214,2528,13303,4978,877,8304,5039,660,4128,2522,413,2201,3913,570,2636,1319,305,2950,5478,826,2812,1447,226,2556
2,2005,404,'610610012',305,NO,KG,293,41,450,0,0,0,0,0,0,0,0,0,0,0,0,0,0,0,0,0,0,0,0,0,0,0,0,0,0,0,0,0,0,293,41,450,0,0,0
2,2005,404,'610610012',309,NO,KG,440,66,925,0,0,0,0,0,0,440,66,925,0,0,0,0,0,0,0,0,0,0,0,0,0,0,0,0,0,0,0,0,0,0,0,0,0,0,0
2,2005,404,'610610012',407,NO,KG,74202,5739,79684,0,0,0,0,0,0,1422,170,2022,298,17,668,9485,754,9394,8670,765,10022,5300,467,5849,15145,931,15100,6706,641,8285,13626,1020,14098,11900,858,12413,1650,116,1833
2,2005,404,'610610012',501,NO,KG,80,8,240,0,0,0,0,0,0,80,8,240,0,0,0,0,0,0,0,0,0,0,0,0,0,0,0,0,0,0,0,0,0,0,0,0,0,0,0
2,2005,404,'610610012',504,NO,KG,407,85,1672,0,0,0,0,0,0,96,11,407,72,10,334,0,0,0,0,0,0,0,0,0,0,0,0,0,0,0,0,0,0,239,64,931,0,0,0
2,2005,404,'610610012',601,NO,KG,411,47,1299,0,0,0,0,0,0,0,0,0,0,0,0,0,0,0,0,0,0,0,0,0,0,0,0,0,0,0,0,0,0,411,47,1299,0,0,0
2,2005,404,'610610020',103,NO,KG,256,51,222,0,0,0,0,0,0,256,51,222,0,0,0,0,0,0,0,0,0,0,0,0,0,0,0,0,0,0,0,0,0,0,0,0,0,0,0
2,2005,404,'610610020',105,NO,KG,14289,1875,6824,376,56,259,3675,476,1031,5685,652,2398,1680,226,1226,823,69,932,0,0,0,0,0,0,1650,297,629,0,0,0,400,99,349,0,0,0,0,0,0
2,2005,404,'610610020',111,NO,KG,955,154,555,0,0,0,0,0,0,800,116,247,0,0,0,0,0,0,0,0,0,155,38,308,0,0,0,0,0,0,0,0,0,0,0,0,0,0,0
2,2005,404,'610620011',103,NO,KG,898988,162284,545772,15451,3298,3498,25529,5456,6825,89422,17369,19926,14598,2316,12379,66542,8486,54761,72728,10404,63386,73155,12929,62520,77504,14499,63393,142297,27389,82372,135795,26242,89305,104080,18924,47906,81887,14972,39501
2,2005,404,'610620011',105,NO,KG,716447,114777,493849,32736,4603,25814,35014,6606,26326,136759,20858,70888,72990,10937,51219,50755,7362,35062,51281,7037,32629,62767,8743,41288,47560,7555,38537,60554,9735,43704,72268,13968,62902,33939,6497,26199,59824,10876,39281
2,2005,404,'610620011',108,NO,KG,371,89,1343,0,0,0,0,0,0,0,0,0,0,0,0,0,0,0,0,0,0,35,6,510,0,0,0,194,50,249,0,0,0,142,33,584,0,0,0
2,2005,404,'610620011',110,NO,KG,3752,470,3096,0,0,0,816,130,1322,596,117,740,2243,210,684,0,0,0,0,0,0,0,0,0,0,0,0,0,0,0,0,0,0,97,13,350,0,0,0
2,2005,404,'610620011',111,NO,KG,7381,944,4085,3860,377,1479,0,0,0,0,0,0,0,0,0,0,0,0,0,0,0,225,34,351,2362,354,1741,0,0,0,0,0,0,284,81,277,650,98,237
2,2005,404,'610620011',118,NO,KG,12612,2040,15308,0,0,0,630,85,307,684,126,241,3300,387,1789,0,0,0,68,30,972,2820,268,1561,890,174,2195,0,0,0,148,30,265,36,12,469,4036,928,7509
2,2005,404,'610620011',123,NO,KG,1994,222,1599,0,0,0,1300,105,549,330,64,353,0,0,0,270,40,215,0,0,0,94,13,482,0,0,0,0,0,0,0,0,0,0,0,0,0,0,0
2,2005,404,'610620011',129,NO,KG,11,1,301,0,0,0,0,0,0,0,0,0,0,0,0,0,0,0,0,0,0,0,0,0,0,0,0,0,0,0,0,0,0,11,1,301,0,0,0
2,2005,404,'610620011',204,NO,KG,178,32,308,0,0,0,0,0,0,178,32,308,0,0,0,0,0,0,0,0,0,0,0,0,0,0,0,0,0,0,0,0,0,0,0,0,0,0,0
2,2005,404,'610620011',205,NO,KG,52,15,274,0,0,0,0,0,0,0,0,0,0,0,0,0,0,0,0,0,0,0,0,0,52,15,274,0,0,0,0,0,0,0,0,0,0,0,0
2,2005,404,'610620011',208,NO,KG,178,26,702,0,0,0,178,26,702,0,0,0,0,0,0,0,0,0,0,0,0,0,0,0,0,0,0,0,0,0,0,0,0,0,0,0,0,0,0
2,2005,404,'610620011',210,NO,KG,7522,1171,26601,1067,146,2990,910,136,5183,1911,295,8045,1436,169,2442,0,0,0,211,38,417,40,12,533,666,149,2348,400,65,2294,199,34,897,542,110,1099,140,17,353
2,2005,404,'610620011',217,NO,KG,650,140,2513,388,78,841,0,0,0,23,3,273,0,0,0,0,0,0,0,0,0,69,27,750,0,0,0,170,32,649,0,0,0,0,0,0,0,0,0
2,2005,404,'610620011',218,NO,KG,179,56,963,129,45,668,0,0,0,50,11,295,0,0,0,0,0,0,0,0,0,0,0,0,0,0,0,0,0,0,0,0,0,0,0,0,0,0,0
2,2005,404,'610620011',220,NO,KG,45951,7375,208399,4954,850,30201,9973,1406,41611,7853,1192,38075,1109,164,3997,241,34,453,873,157,5098,3400,500,14920,11161,1969,43327,2776,576,10830,146,43,811,0,0,0,3465,484,19076
2,2005,404,'610620011',223,NO,KG,658,140,2505,0,0,0,0,0,0,0,0,0,0,0,0,0,0,0,0,0,0,0,0,0,658,140,2505,0,0,0,0,0,0,0,0,0,0,0,0
2,2005,404,'610620011',225,NO,KG,433,67,2912,0,0,0,433,67,2912,0,0,0,0,0,0,0,0,0,0,0,0,0,0,0,0,0,0,0,0,0,0,0,0,0,0,0,0,0,0
2,2005,404,'610620011',227,NO,KG,115,22,924,0,0,0,0,0,0,85,17,262,0,0,0,0,0,0,30,5,662,0,0,0,0,0,0,0,0,0,0,0,0,0,0,0,0,0,0
2,2005,404,'610620011',230,NO,KG,2090,312,2168,1227,182,1384,0,0,0,863,130,784,0,0,0,0,0,0,0,0,0,0,0,0,0,0,0,0,0,0,0,0,0,0,0,0,0,0,0
2,2005,404,'610620011',231,NO,KG,1861,281,8377,657,78,2751,117,21,534,165,33,805,86,12,473,0,0,0,557,71,2038,35,7,388,51,11,291,193,48,1097,0,0,0,0,0,0,0,0,0
2,2005,404,'610620011',232,NO,KG,340,43,647,0,0,0,0,0,0,340,43,647,0,0,0,0,0,0,0,0,0,0,0,0,0,0,0,0,0,0,0,0,0,0,0,0,0,0,0
2,2005,404,'610620011',234,NO,KG,1433,392,2379,0,0,0,52,8,305,0,0,0,0,0,0,0,0,0,1050,310,1100,0,0,0,185,44,309,146,30,665,0,0,0,0,0,0,0,0,0
2,2005,404,'610620011',302,NO,KG,222,50,483,0,0,0,0,0,0,0,0,0,0,0,0,0,0,0,0,0,0,0,0,0,0,0,0,222,50,483,0,0,0,0,0,0,0,0,0
2,2005,404,'610620011',304,NO,KG,4253,575,10928,338,27,429,512,102,2458,100,20,733,30,6,223,0,0,0,0,0,0,1600,151,2374,442,92,1539,561,75,948,192,53,1666,426,36,235,52,13,323
2,2005,404,'610620011',407,NO,KG,104,15,341,0,0,0,0,0,0,104,15,341,0,0,0,0,0,0,0,0,0,0,0,0,0,0,0,0,0,0,0,0,0,0,0,0,0,0,0
2,2005,404,'610620011',410,NO,KG,3982,657,2385,2585,422,856,0,0,0,0,0,0,178,19,206,0,0,0,703,112,238,0,0,0,336,80,856,0,0,0,0,0,0,180,24,229,0,0,0
2,2005,404,'610620011',504,NO,KG,773,204,2972,0,0,0,0,0,0,0,0,0,0,0,0,0,0,0,0,0,0,0,0,0,337,93,1310,436,111,1662,0,0,0,0,0,0,0,0,0
2,2005,404,'610620012',103,NO,KG,186423,29331,126404,1787,410,392,1162,267,265,38857,7550,11377,20840,2856,18243,42856,4975,33256,32878,4431,31898,18709,2830,13970,5530,1026,4358,7891,1817,5767,5197,1061,2756,4726,882,1622,5990,1226,2500
2,2005,404,'610620012',105,NO,KG,259135,41660,284515,6175,1117,16388,16607,2340,18294,25535,4074,24060,30544,4699,30698,32682,4648,27960,32643,4468,27873,30649,5050,40455,31949,5786,33956,17152,3043,21771,12803,2251,16192,9955,2063,13713,12441,2121,13155
2,2005,404,'610620012',108,NO,KG,1168,203,7615,39,10,206,104,17,1105,0,0,0,0,0,0,263,45,1235,0,0,0,177,50,1787,0,0,0,55,10,471,54,14,931,476,57,1880,0,0,0
2,2005,404,'610620012',110,NO,KG,5757,1763,3331,0,0,0,752,225,304,4599,1435,1788,0,0,0,0,0,0,0,0,0,0,0,0,0,0,0,213,51,608,90,28,346,103,24,285,0,0,0
2,2005,404,'610620012',111,NO,KG,7296,1063,4819,848,97,1277,518,51,596,0,0,0,0,0,0,0,0,0,0,0,0,715,138,952,5215,777,1994,0,0,0,0,0,0,0,0,0,0,0,0
2,2005,404,'610620012',118,NO,KG,390,93,917,0,0,0,0,0,0,70,12,315,206,66,209,114,15,393,0,0,0,0,0,0,0,0,0,0,0,0,0,0,0,0,0,0,0,0,0
2,2005,404,'610620012',123,NO,KG,4538,752,10282,690,127,608,0,0,0,144,24,281,991,131,3279,640,66,1683,0,0,0,0,0,0,78,15,303,196,41,583,1715,323,3322,0,0,0,84,25,223
2,2005,404,'610620012',205,NO,KG,1428,284,5650,0,0,0,20,3,224,0,0,0,0,0,0,0,0,0,0,0,0,0,0,0,0,0,0,0,0,0,0,0,0,0,0,0,1408,281,5426
2,2005,404,'610620012',208,NO,KG,319,47,657,0,0,0,319,47,657,0,0,0,0,0,0,0,0,0,0,0,0,0,0,0,0,0,0,0,0,0,0,0,0,0,0,0,0,0,0
2,2005,404,'610620012',210,NO,KG,8820,1581,42374,1558,295,10781,2431,416,11999,2160,355,10296,870,102,2079,9,2,270,54,20,614,289,58,789,524,140,2154,141,26,1127,487,106,1526,110,19,228,187,42,511
2,2005,404,'610620012',213,NO,KG,68,7,485,0,0,0,0,0,0,0,0,0,0,0,0,0,0,0,0,0,0,68,7,485,0,0,0,0,0,0,0,0,0,0,0,0,0,0,0
2,2005,404,'610620012',217,NO,KG,743,133,3281,160,16,520,274,38,1155,0,0,0,17,4,407,0,0,0,232,65,903,0,0,0,60,10,296,0,0,0,0,0,0,0,0,0,0,0,0
2,2005,404,'610620012',218,NO,KG,1212,223,7013,210,79,1059,61,12,209,356,63,2201,115,13,435,0,0,0,0,0,0,470,56,3109,0,0,0,0,0,0,0,0,0,0,0,0,0,0,0
2,2005,404,'610620012',220,NO,KG,80007,15613,455204,10102,1789,56918,18096,3119,93950,12198,2339,77713,2740,554,18797,981,137,3085,4837,973,33698,10860,2529,63379,9316,1906,45465,4623,967,19642,1301,239,6924,623,134,4274,4330,927,31359
2,2005,404,'610620012',223,NO,KG,120,21,798,0,0,0,120,21,798,0,0,0,0,0,0,0,0,0,0,0,0,0,0,0,0,0,0,0,0,0,0,0,0,0,0,0,0,0,0
2,2005,404,'610620012',225,NO,KG,411,63,2903,0,0,0,0,0,0,0,0,0,0,0,0,0,0,0,150,29,1371,227,29,1297,0,0,0,0,0,0,0,0,0,34,5,235,0,0,0
2,2005,404,'610620012',230,NO,KG,3287,651,13116,718,158,3344,46,5,206,0,0,0,0,0,0,0,0,0,630,66,1983,1735,395,6909,0,0,0,34,4,244,0,0,0,0,0,0,124,23,430
2,2005,404,'610620012',231,NO,KG,3825,720,14934,196,38,1026,738,104,2661,374,50,1222,0,0,0,696,139,1179,84,16,401,155,40,991,1271,260,5705,169,55,1284,0,0,0,0,0,0,142,18,465
2,2005,404,'610620012',232,NO,KG,405,77,1282,0,0,0,355,60,1019,0,0,0,0,0,0,0,0,0,0,0,0,50,17,263,0,0,0,0,0,0,0,0,0,0,0,0,0,0,0
2,2005,404,'610620012',234,NO,KG,2263,532,6886,740,273,2090,462,74,1442,77,16,338,0,0,0,0,0,0,120,9,390,408,49,789,371,98,1267,0,0,0,0,0,0,0,0,0,85,13,570
2,2005,404,'610620012',238,NO,KG,77,29,724,0,0,0,0,0,0,0,0,0,0,0,0,0,0,0,0,0,0,77,29,724,0,0,0,0,0,0,0,0,0,0,0,0,0,0,0
2,2005,404,'610620012',244,NO,KG,105,36,608,0,0,0,0,0,0,0,0,0,0,0,0,0,0,0,0,0,0,105,36,608,0,0,0,0,0,0,0,0,0,0,0,0,0,0,0
2,2005,404,'610620012',304,NO,KG,3317,437,6173,0,0,0,44,8,274,0,0,0,623,70,1919,0,0,0,0,0,0,0,0,0,238,47,334,139,29,828,70,14,338,553,63,319,1650,206,2161
2,2005,404,'610620012',410,NO,KG,643,157,1129,0,0,0,0,0,0,0,0,0,0,0,0,0,0,0,0,0,0,0,0,0,643,157,1129,0,0,0,0,0,0,0,0,0,0,0,0
2,2005,404,'610620012',501,NO,KG,465,85,3168,0,0,0,357,64,2657,0,0,0,0,0,0,0,0,0,0,0,0,0,0,0,29,6,240,0,0,0,0,0,0,0,0,0,79,15,271
2,2005,404,'610620012',504,NO,KG,160,32,521,0,0,0,0,0,0,24,12,210,0,0,0,0,0,0,0,0,0,0,0,0,0,0,0,0,0,0,136,20,311,0,0,0,0,0,0
2,2005,404,'610620012',546,NO,KG,44,8,342,0,0,0,0,0,0,0,0,0,0,0,0,0,0,0,0,0,0,44,8,342,0,0,0,0,0,0,0,0,0,0,0,0,0,0,0
2,2005,404,'610620012',601,NO,KG,499,121,3399,0,0,0,0,0,0,375,82,2241,0,0,0,0,0,0,48,12,414,0,0,0,0,0,0,0,0,0,0,0,0,76,27,744,0,0,0
2,2005,404,'610620013',103,NO,KG,164771,26582,103774,0,0,0,252,26,225,2145,245,1960,11623,1313,7822,17455,2494,14124,25774,3485,17705,11956,1745,7200,17139,2989,8161,22477,3952,14021,35772,6770,22843,8544,1608,4761,11634,1955,4952
2,2005,404,'610620013',105,NO,KG,376676,59065,219220,17518,3282,7252,12942,1801,9577,41368,5472,20857,50378,6278,27006,25689,3619,12991,36120,4851,20220,44910,6143,23279,47426,8070,26082,36047,6948,27180,19429,3541,15425,23441,4991,18153,21408,4069,11198
2,2005,404,'610620013',106,NO,KG,2942,460,2229,0,0,0,2942,460,2229,0,0,0,0,0,0,0,0,0,0,0,0,0,0,0,0,0,0,0,0,0,0,0,0,0,0,0,0,0,0
2,2005,404,'610620013',108,NO,KG,484,70,698,0,0,0,0,0,0,300,38,275,0,0,0,145,25,220,0,0,0,0,0,0,0,0,0,0,0,0,39,7,203,0,0,0,0,0,0
2,2005,404,'610620013',110,NO,KG,5050,621,10708,2188,372,9029,0,0,0,0,0,0,2862,249,1679,0,0,0,0,0,0,0,0,0,0,0,0,0,0,0,0,0,0,0,0,0,0,0,0
2,2005,404,'610620013',111,NO,KG,282,48,271,0,0,0,0,0,0,0,0,0,0,0,0,0,0,0,0,0,0,0,0,0,282,48,271,0,0,0,0,0,0,0,0,0,0,0,0
2,2005,404,'610620013',118,NO,KG,424,64,310,0,0,0,0,0,0,0,0,0,0,0,0,424,64,310,0,0,0,0,0,0,0,0,0,0,0,0,0,0,0,0,0,0,0,0,0
2,2005,404,'610620013',123,NO,KG,1189,120,2125,0,0,0,0,0,0,0,0,0,0,0,0,0,0,0,0,0,0,1189,120,2125,0,0,0,0,0,0,0,0,0,0,0,0,0,0,0
2,2005,404,'610620013',205,NO,KG,110,51,543,0,0,0,0,0,0,110,51,543,0,0,0,0,0,0,0,0,0,0,0,0,0,0,0,0,0,0,0,0,0,0,0,0,0,0,0
2,2005,404,'610620013',210,NO,KG,821,121,3291,0,0,0,25,5,353,304,41,1899,128,14,373,0,0,0,0,0,0,0,0,0,101,15,209,0,0,0,11,5,214,0,0,0,252,41,243
2,2005,404,'610620013',220,NO,KG,13358,2286,47463,277,69,2222,4072,580,11249,1658,247,5457,426,71,1805,310,20,518,0,0,0,135,16,672,2364,421,9359,3147,650,11393,720,163,3254,167,40,841,82,9,693
2,2005,404,'610620013',230,NO,KG,101,24,562,0,0,0,0,0,0,0,0,0,0,0,0,0,0,0,0,0,0,0,0,0,101,24,562,0,0,0,0,0,0,0,0,0,0,0,0
2,2005,404,'610620013',231,NO,KG,92,13,463,0,0,0,0,0,0,0,0,0,92,13,463,0,0,0,0,0,0,0,0,0,0,0,0,0,0,0,0,0,0,0,0,0,0,0,0
2,2005,404,'610620013',232,NO,KG,55,18,297,0,0,0,0,0,0,0,0,0,0,0,0,0,0,0,0,0,0,0,0,0,0,0,0,55,18,297,0,0,0,0,0,0,0,0,0
2,2005,404,'610620013',234,NO,KG,1173,309,4138,0,0,0,0,0,0,0,0,0,0,0,0,0,0,0,0,0,0,0,0,0,0,0,0,1173,309,4138,0,0,0,0,0,0,0,0,0
2,2005,404,'610620013',302,NO,KG,1321,256,2143,0,0,0,0,0,0,392,71,568,0,0,0,0,0,0,0,0,0,345,56,335,0,0,0,584,129,1240,0,0,0,0,0,0,0,0,0
2,2005,404,'610620013',304,NO,KG,1807,324,1816,0,0,0,0,0,0,261,39,294,629,90,480,308,65,235,0,0,0,0,0,0,609,130,807,0,0,0,0,0,0,0,0,0,0,0,0
2,2005,404,'610620013',407,NO,KG,99,24,230,0,0,0,0,0,0,0,0,0,0,0,0,0,0,0,0,0,0,0,0,0,0,0,0,99,24,230,0,0,0,0,0,0,0,0,0
2,2005,404,'610620013',410,NO,KG,80,11,621,0,0,0,0,0,0,0,0,0,0,0,0,0,0,0,0,0,0,0,0,0,80,11,621,0,0,0,0,0,0,0,0,0,0,0,0
2,2005,404,'610620019',103,NO,KG,36975,5407,23678,0,0,0,0,0,0,0,0,0,10099,1360,5723,10952,1352,6403,7941,1165,6711,2925,517,1373,2114,371,1778,1173,293,644,0,0,0,632,148,517,1139,201,529
2,2005,404,'610620019',105,NO,KG,140788,22797,112727,6083,1263,6632,5135,959,5048,12627,1877,9593,27428,3798,20314,9578,1288,5987,20266,2335,12009,11966,1700,10317,11569,2499,10110,16912,3238,15952,9719,1877,7178,5431,1054,6947,4074,909,2640
2,2005,404,'610620019',108,NO,KG,430,102,1660,0,0,0,58,15,559,0,0,0,0,0,0,248,45,399,0,0,0,0,0,0,0,0,0,0,0,0,124,42,702,0,0,0,0,0,0
2,2005,404,'610620019',111,NO,KG,3936,641,2274,0,0,0,0,0,0,0,0,0,0,0,0,0,0,0,0,0,0,0,0,0,3936,641,2274,0,0,0,0,0,0,0,0,0,0,0,0
2,2005,404,'610620019',118,NO,KG,99,14,395,0,0,0,0,0,0,0,0,0,0,0,0,0,0,0,0,0,0,0,0,0,0,0,0,99,14,395,0,0,0,0,0,0,0,0,0
2,2005,404,'610620019',123,NO,KG,56,8,253,0,0,0,0,0,0,0,0,0,0,0,0,56,8,253,0,0,0,0,0,0,0,0,0,0,0,0,0,0,0,0,0,0,0,0,0
2,2005,404,'610620019',205,NO,KG,64,10,236,0,0,0,0,0,0,0,0,0,0,0,0,0,0,0,0,0,0,0,0,0,64,10,236,0,0,0,0,0,0,0,0,0,0,0,0
2,2005,404,'610620019',208,NO,KG,89,10,566,0,0,0,0,0,0,89,10,566,0,0,0,0,0,0,0,0,0,0,0,0,0,0,0,0,0,0,0,0,0,0,0,0,0,0,0
2,2005,404,'610620019',210,NO,KG,4068,633,14449,330,51,1991,481,59,1438,1691,240,5552,168,25,503,424,68,1072,0,0,0,0,0,0,279,53,1231,391,77,1224,131,26,312,173,34,1126,0,0,0
2,2005,404,'610620019',217,NO,KG,1368,256,5040,0,0,0,0,0,0,0,0,0,0,0,0,0,0,0,0,0,0,147,14,428,533,111,2173,72,17,404,0,0,0,136,25,491,480,89,1544
2,2005,404,'610620019',218,NO,KG,216,39,629,0,0,0,146,25,406,0,0,0,0,0,0,0,0,0,0,0,0,0,0,0,70,14,223,0,0,0,0,0,0,0,0,0,0,0,0
2,2005,404,'610620019',220,NO,KG,29000,4657,101368,658,96,2456,9766,1297,25438,5649,949,16095,816,137,3293,591,86,3575,552,103,4499,1146,225,6034,4609,741,15247,1292,298,6049,1504,291,6592,312,69,2545,2105,365,9545
2,2005,404,'610620019',225,NO,KG,31,7,209,31,7,209,0,0,0,0,0,0,0,0,0,0,0,0,0,0,0,0,0,0,0,0,0,0,0,0,0,0,0,0,0,0,0,0,0
2,2005,404,'610620019',231,NO,KG,2141,489,8986,257,56,1350,0,0,0,0,0,0,0,0,0,0,0,0,0,0,0,300,47,1037,1035,274,4476,455,97,1700,0,0,0,0,0,0,94,15,423
2,2005,404,'610620019',232,NO,KG,462,80,1706,39,8,213,0,0,0,0,0,0,0,0,0,0,0,0,0,0,0,0,0,0,0,0,0,224,48,966,0,0,0,0,0,0,199,24,527
2,2005,404,'610620019',234,NO,KG,501,82,1809,0,0,0,0,0,0,0,0,0,69,20,253,0,0,0,0,0,0,180,25,389,0,0,0,252,37,1167,0,0,0,0,0,0,0,0,0
2,2005,404,'610620019',304,NO,KG,1883,314,4587,0,0,0,320,56,714,54,4,205,274,18,599,614,127,977,142,10,312,0,0,0,293,67,766,186,32,1014,0,0,0,0,0,0,0,0,0
2,2005,404,'610620019',410,NO,KG,210,51,499,0,0,0,0,0,0,33,5,218,177,46,281,0,0,0,0,0,0,0,0,0,0,0,0,0,0,0,0,0,0,0,0,0,0,0,0
2,2005,404,'610620019',601,NO,KG,272,71,1771,0,0,0,0,0,0,139,22,418,0,0,0,0,0,0,0,0,0,0,0,0,0,0,0,0,0,0,0,0,0,133,49,1353,0,0,0
2,2005,404,'610620020',105,NO,KG,124,29,230,124,29,230,0,0,0,0,0,0,0,0,0,0,0,0,0,0,0,0,0,0,0,0,0,0,0,0,0,0,0,0,0,0,0,0,0
2,2005,404,'610690011',103,NO,KG,378,86,708,0,0,0,0,0,0,0,0,0,0,0,0,0,0,0,0,0,0,0,0,0,0,0,0,0,0,0,311,62,341,67,24,367,0,0,0
2,2005,404,'610690011',105,NO,KG,35088,7508,82730,247,139,954,0,0,0,0,0,0,38,7,206,0,0,0,125,22,1006,2768,555,8337,3561,668,18295,8675,1968,18259,10125,2036,17588,4601,1061,9343,4948,1052,8742
2,2005,404,'610690011',106,NO,KG,90,11,1008,0,0,0,0,0,0,0,0,0,0,0,0,0,0,0,0,0,0,0,0,0,0,0,0,0,0,0,90,11,1008,0,0,0,0,0,0
2,2005,404,'610690011',108,NO,KG,246,64,2029,0,0,0,246,64,2029,0,0,0,0,0,0,0,0,0,0,0,0,0,0,0,0,0,0,0,0,0,0,0,0,0,0,0,0,0,0
2,2005,404,'610690011',110,NO,KG,1189,267,4079,0,0,0,0,0,0,0,0,0,0,0,0,0,0,0,246,40,680,0,0,0,0,0,0,0,0,0,786,190,2903,157,37,496,0,0,0
2,2005,404,'610690011',111,NO,KG,130,26,202,0,0,0,0,0,0,0,0,0,0,0,0,0,0,0,0,0,0,0,0,0,0,0,0,130,26,202,0,0,0,0,0,0,0,0,0
2,2005,404,'610690011',123,NO,KG,483,107,619,0,0,0,0,0,0,0,0,0,0,0,0,0,0,0,0,0,0,0,0,0,0,0,0,483,107,619,0,0,0,0,0,0,0,0,0
2,2005,404,'610690011',205,NO,KG,160,36,1634,0,0,0,0,0,0,24,6,221,0,0,0,0,0,0,0,0,0,0,0,0,123,28,1104,13,2,309,0,0,0,0,0,0,0,0,0
2,2005,404,'610690011',210,NO,KG,1047,177,8355,39,10,795,40,6,659,0,0,0,0,0,0,0,0,0,0,0,0,32,6,595,744,122,2813,153,25,1666,23,4,1591,16,4,236,0,0,0
2,2005,404,'610690011',215,NO,KG,43,6,599,0,0,0,0,0,0,0,0,0,0,0,0,0,0,0,0,0,0,0,0,0,0,0,0,0,0,0,0,0,0,0,0,0,43,6,599
2,2005,404,'610690011',218,NO,KG,252,50,1591,0,0,0,0,0,0,0,0,0,0,0,0,0,0,0,0,0,0,0,0,0,252,50,1591,0,0,0,0,0,0,0,0,0,0,0,0
2,2005,404,'610690011',220,NO,KG,8861,2281,80543,109,21,2514,98,28,1780,33,9,867,55,8,294,0,0,0,964,268,11085,2137,527,23430,3058,655,17801,1997,667,16184,287,73,3881,62,15,581,61,10,2126
2,2005,404,'610690011',231,NO,KG,97,30,819,0,0,0,0,0,0,0,0,0,0,0,0,0,0,0,0,0,0,0,0,0,97,30,819,0,0,0,0,0,0,0,0,0,0,0,0
2,2005,404,'610690011',412,NO,KG,33,12,481,0,0,0,0,0,0,0,0,0,0,0,0,0,0,0,0,0,0,0,0,0,0,0,0,33,12,481,0,0,0,0,0,0,0,0,0
2,2005,404,'610690011',504,NO,KG,413,112,2046,0,0,0,0,0,0,0,0,0,0,0,0,0,0,0,0,0,0,0,0,0,413,112,2046,0,0,0,0,0,0,0,0,0,0,0,0
2,2005,404,'610690012',103,NO,KG,7831,1064,7546,0,0,0,0,0,0,0,0,0,0,0,0,1517,146,1491,2853,408,2629,2348,320,2347,1113,190,1079,0,0,0,0,0,0,0,0,0,0,0,0
2,2005,404,'610690012',105,NO,KG,102902,15660,157964,5646,801,12758,7291,1070,19272,9857,1569,16366,27030,4206,29629,13225,1941,18957,15802,2493,14781,10363,1682,17041,7300,911,13831,3588,543,7244,1785,291,3828,690,101,3049,325,52,1208
2,2005,404,'610690012',108,NO,KG,18,4,206,0,0,0,0,0,0,0,0,0,0,0,0,0,0,0,0,0,0,0,0,0,0,0,0,0,0,0,18,4,206,0,0,0,0,0,0
2,2005,404,'610690012',110,NO,KG,506,82,692,0,0,0,0,0,0,0,0,0,0,0,0,506,82,692,0,0,0,0,0,0,0,0,0,0,0,0,0,0,0,0,0,0,0,0,0
2,2005,404,'610690012',118,NO,KG,74,13,320,0,0,0,0,0,0,0,0,0,0,0,0,74,13,320,0,0,0,0,0,0,0,0,0,0,0,0,0,0,0,0,0,0,0,0,0
2,2005,404,'610690012',123,NO,KG,32,4,327,0,0,0,0,0,0,0,0,0,0,0,0,0,0,0,0,0,0,0,0,0,32,4,327,0,0,0,0,0,0,0,0,0,0,0,0
2,2005,404,'610690012',205,NO,KG,8,1,213,0,0,0,0,0,0,0,0,0,0,0,0,0,0,0,0,0,0,0,0,0,8,1,213,0,0,0,0,0,0,0,0,0,0,0,0
2,2005,404,'610690012',210,NO,KG,620,133,4971,8,1,222,189,41,1394,332,68,2378,0,0,0,0,0,0,0,0,0,10,3,207,26,5,528,55,15,242,0,0,0,0,0,0,0,0,0
2,2005,404,'610690012',213,NO,KG,23,3,257,0,0,0,0,0,0,0,0,0,0,0,0,0,0,0,0,0,0,0,0,0,23,3,257,0,0,0,0,0,0,0,0,0,0,0,0
2,2005,404,'610690012',220,NO,KG,6454,1274,63160,817,123,7643,1684,372,14536,1538,296,15038,582,127,3700,80,16,960,12,4,446,205,33,3343,494,88,2886,117,32,1180,0,0,0,118,23,2139,807,160,11289
2,2005,404,'610690012',231,NO,KG,64,15,282,0,0,0,0,0,0,64,15,282,0,0,0,0,0,0,0,0,0,0,0,0,0,0,0,0,0,0,0,0,0,0,0,0,0,0,0
2,2005,404,'610690012',232,NO,KG,144,32,598,0,0,0,0,0,0,80,16,325,64,16,273,0,0,0,0,0,0,0,0,0,0,0,0,0,0,0,0,0,0,0,0,0,0,0,0
2,2005,404,'610690012',244,NO,KG,12,3,214,0,0,0,12,3,214,0,0,0,0,0,0,0,0,0,0,0,0,0,0,0,0,0,0,0,0,0,0,0,0,0,0,0,0,0,0
2,2005,404,'610690012',501,NO,KG,23,5,238,0,0,0,0,0,0,0,0,0,0,0,0,0,0,0,0,0,0,0,0,0,23,5,238,0,0,0,0,0,0,0,0,0,0,0,0
2,2005,404,'610690013',103,NO,KG,70,14,413,0,0,0,0,0,0,0,0,0,0,0,0,0,0,0,0,0,0,0,0,0,0,0,0,70,14,413,0,0,0,0,0,0,0,0,0
2,2005,404,'610690013',105,NO,KG,49598,7845,69470,86,9,322,0,0,0,0,0,0,0,0,0,0,0,0,203,24,205,774,157,2146,3998,626,6413,26437,4225,36690,8009,1217,10813,3232,557,5095,6859,1030,7786
2,2005,404,'610690013',108,NO,KG,76,23,708,0,0,0,0,0,0,0,0,0,0,0,0,0,0,0,0,0,0,0,0,0,0,0,0,76,23,708,0,0,0,0,0,0,0,0,0
2,2005,404,'610690013',110,NO,KG,322,39,1133,0,0,0,0,0,0,0,0,0,0,0,0,0,0,0,0,0,0,0,0,0,0,0,0,0,0,0,0,0,0,116,14,444,206,25,689
2,2005,404,'610690013',205,NO,KG,51,8,1020,28,5,251,0,0,0,0,0,0,0,0,0,0,0,0,0,0,0,0,0,0,0,0,0,17,2,554,6,1,215,0,0,0,0,0,0
2,2005,404,'610690013',210,NO,KG,48,1,231,0,0,0,0,0,0,0,0,0,0,0,0,0,0,0,0,0,0,0,0,0,48,1,231,0,0,0,0,0,0,0,0,0,0,0,0
2,2005,404,'610690013',220,NO,KG,3426,738,26690,56,13,621,99,14,689,0,0,0,0,0,0,0,0,0,68,19,787,1079,190,9872,664,153,4819,737,162,4471,703,182,4863,20,5,568,0,0,0
2,2005,404,'610690013',231,NO,KG,340,121,1926,0,0,0,0,0,0,0,0,0,0,0,0,0,0,0,0,0,0,0,0,0,0,0,0,340,121,1926,0,0,0,0,0,0,0,0,0
2,2005,404,'610690013',232,NO,KG,192,37,620,0,0,0,0,0,0,0,0,0,0,0,0,0,0,0,0,0,0,0,0,0,0,0,0,192,37,620,0,0,0,0,0,0,0,0,0
2,2005,404,'610690013',304,NO,KG,102,20,267,0,0,0,0,0,0,0,0,0,0,0,0,0,0,0,0,0,0,0,0,0,0,0,0,102,20,267,0,0,0,0,0,0,0,0,0
2,2005,404,'610690013',504,NO,KG,60,11,340,0,0,0,0,0,0,0,0,0,0,0,0,0,0,0,0,0,0,0,0,0,60,11,340,0,0,0,0,0,0,0,0,0,0,0,0
2,2005,404,'610690019',103,NO,KG,2016,175,791,0,0,0,0,0,0,0,0,0,0,0,0,1457,105,568,0,0,0,559,70,223,0,0,0,0,0,0,0,0,0,0,0,0,0,0,0
2,2005,404,'610690019',105,NO,KG,204239,27328,226403,15071,2158,23122,5112,1047,4691,30841,4340,38646,60873,6880,46015,21447,2456,21417,24706,3616,24854,16789,2103,21721,11719,1973,16689,7535,1257,11938,3872,627,7561,5208,686,7980,1066,185,1769
2,2005,404,'610690019',118,NO,KG,44,12,327,0,0,0,0,0,0,0,0,0,0,0,0,0,0,0,0,0,0,0,0,0,0,0,0,0,0,0,44,12,327,0,0,0,0,0,0
2,2005,404,'610690019',123,NO,KG,192,55,761,0,0,0,0,0,0,0,0,0,0,0,0,0,0,0,171,51,293,0,0,0,0,0,0,0,0,0,0,0,0,0,0,0,21,4,468
2,2005,404,'610690019',205,NO,KG,25,1,215,0,0,0,0,0,0,0,0,0,0,0,0,0,0,0,0,0,0,0,0,0,0,0,0,0,0,0,0,0,0,0,0,0,25,1,215
2,2005,404,'610690019',206,NO,KG,385,99,1279,385,99,1279,0,0,0,0,0,0,0,0,0,0,0,0,0,0,0,0,0,0,0,0,0,0,0,0,0,0,0,0,0,0,0,0,0
2,2005,404,'610690019',210,NO,KG,224,43,1048,0,0,0,100,19,234,0,0,0,0,0,0,0,0,0,0,0,0,0,0,0,124,24,814,0,0,0,0,0,0,0,0,0,0,0,0
2,2005,404,'610690019',213,NO,KG,50,7,544,0,0,0,0,0,0,0,0,0,0,0,0,0,0,0,50,7,544,0,0,0,0,0,0,0,0,0,0,0,0,0,0,0,0,0,0
2,2005,404,'610690019',220,NO,KG,3065,644,60732,636,139,18793,543,87,9847,230,44,4790,16,2,285,17,2,687,16,5,558,1004,222,16771,121,25,2784,113,38,2487,229,43,2312,76,26,683,64,11,735
2,2005,404,'610690019',304,NO,KG,1063,115,980,0,0,0,0,0,0,0,0,0,1063,115,980,0,0,0,0,0,0,0,0,0,0,0,0,0,0,0,0,0,0,0,0,0,0,0,0
2,2005,404,'610711000',103,NO,KG,1600,288,389,0,0,0,0,0,0,0,0,0,0,0,0,0,0,0,0,0,0,0,0,0,0,0,0,0,0,0,0,0,0,0,0,0,1600,288,389
2,2005,404,'610711000',105,NO,KG,996151,75850,177046,18704,1050,1995,163191,9898,22175,130399,9552,24294,115308,8488,21086,50741,1711,4957,8931,921,1891,77694,5339,11578,86900,6698,15033,59430,4762,12200,93147,6374,14604,30341,3572,8138,161365,17485,39095
2,2005,404,'610711000',108,NO,KG,1206,150,1446,216,25,274,294,35,371,0,0,0,384,60,392,0,0,0,0,0,0,0,0,0,0,0,0,0,0,0,312,30,409,0,0,0,0,0,0
2,2005,404,'610711000',110,NO,KG,30335,2742,5994,0,0,0,461,44,300,0,0,0,0,0,0,0,0,0,0,0,0,3000,266,650,9838,987,2207,8222,532,901,7614,728,1523,1200,185,413,0,0,0
2,2005,404,'610711000',111,NO,KG,28680,2772,6911,0,0,0,2863,301,631,1130,130,255,8438,726,1859,1200,148,228,283,43,261,0,0,0,4210,333,546,2176,333,1662,0,0,0,8380,758,1469,0,0,0
2,2005,404,'610711000',118,NO,KG,650,162,779,0,0,0,0,0,0,0,0,0,0,0,0,0,0,0,216,44,269,0,0,0,0,0,0,434,118,510,0,0,0,0,0,0,0,0,0
2,2005,404,'610711000',123,NO,KG,19644,3859,6673,0,0,0,0,0,0,0,0,0,0,0,0,0,0,0,3634,453,1215,0,0,0,0,0,0,0,0,0,0,0,0,0,0,0,16010,3406,5458
2,2005,404,'610711000',124,NO,KG,2120,542,2761,0,0,0,0,0,0,0,0,0,0,0,0,0,0,0,873,162,978,0,0,0,0,0,0,997,340,1467,0,0,0,0,0,0,250,40,316
2,2005,404,'610711000',143,NO,KG,3675,473,3645,0,0,0,153,18,208,0,0,0,0,0,0,0,0,0,649,87,525,204,18,294,396,41,332,1961,279,1877,312,30,409,0,0,0,0,0,0
2,2005,404,'610711000',210,NO,KG,593,68,523,0,0,0,0,0,0,312,39,301,0,0,0,0,0,0,0,0,0,0,0,0,0,0,0,0,0,0,0,0,0,281,29,222,0,0,0
2,2005,404,'610711000',213,NO,KG,541,134,1375,96,19,226,0,0,0,263,70,715,0,0,0,0,0,0,0,0,0,0,0,0,0,0,0,182,45,434,0,0,0,0,0,0,0,0,0
2,2005,404,'610711000',220,NO,KG,14521,1383,23869,1395,215,2139,372,29,625,940,88,993,516,68,1128,1326,163,1852,400,36,675,3580,320,6499,877,88,1886,993,68,1532,2414,196,3635,102,15,251,1606,97,2654
2,2005,404,'610711000',230,NO,KG,894,109,990,0,0,0,0,0,0,237,42,256,0,0,0,0,0,0,0,0,0,0,0,0,657,67,734,0,0,0,0,0,0,0,0,0,0,0,0
2,2005,404,'610711000',234,NO,KG,1618,140,2519,0,0,0,0,0,0,0,0,0,0,0,0,0,0,0,0,0,0,0,0,0,0,0,0,0,0,0,0,0,0,0,0,0,1618,140,2519
2,2005,404,'610711000',304,NO,KG,2363,290,3399,0,0,0,333,40,349,0,0,0,0,0,0,0,0,0,0,0,0,885,132,1073,405,28,496,192,12,204,72,23,678,476,55,599,0,0,0
2,2005,404,'610711000',307,NO,KG,378,70,423,0,0,0,0,0,0,0,0,0,0,0,0,0,0,0,378,70,423,0,0,0,0,0,0,0,0,0,0,0,0,0,0,0,0,0,0
2,2005,404,'610711000',401,NO,KG,492,98,595,0,0,0,0,0,0,0,0,0,0,0,0,0,0,0,492,98,595,0,0,0,0,0,0,0,0,0,0,0,0,0,0,0,0,0,0
2,2005,404,'610711000',410,NO,KG,652,30,261,0,0,0,0,0,0,0,0,0,0,0,0,0,0,0,0,0,0,652,30,261,0,0,0,0,0,0,0,0,0,0,0,0,0,0,0
2,2005,404,'610711000',506,NO,KG,796,68,761,0,0,0,0,0,0,0,0,0,0,0,0,0,0,0,0,0,0,0,0,0,796,68,761,0,0,0,0,0,0,0,0,0,0,0,0
2,2005,404,'610712000',105,NO,KG,418065,37014,120312,27282,2138,3515,39718,3077,7319,55983,5588,13493,19784,1674,10300,26520,636,8419,24367,1028,5224,8513,522,2672,74870,6163,24467,37867,3306,12709,55367,6132,15224,15233,2350,4666,32561,4400,12304
2,2005,404,'610712000',108,NO,KG,5120,136,685,0,0,0,0,0,0,0,0,0,0,0,0,5120,136,685,0,0,0,0,0,0,0,0,0,0,0,0,0,0,0,0,0,0,0,0,0
2,2005,404,'610712000',110,NO,KG,46019,2561,15416,0,0,0,0,0,0,0,0,0,5700,123,1740,0,0,0,0,0,0,17250,886,7763,9821,638,2279,1790,133,295,9458,640,2208,600,41,324,1400,100,807
2,2005,404,'610712000',111,NO,KG,63485,5885,13333,2165,264,702,0,0,0,2018,403,700,4502,484,1440,10432,1124,1974,1122,244,433,12356,934,2635,23619,1904,4136,7271,528,1313,0,0,0,0,0,0,0,0,0
2,2005,404,'610712000',143,NO,KG,284,33,268,0,0,0,0,0,0,0,0,0,0,0,0,0,0,0,0,0,0,0,0,0,284,33,268,0,0,0,0,0,0,0,0,0,0,0,0
2,2005,404,'610712000',220,NO,KG,5586,457,9137,0,0,0,0,0,0,386,36,1145,0,0,0,0,0,0,0,0,0,2996,237,5140,0,0,0,0,0,0,780,93,378,0,0,0,1424,91,2474
2,2005,404,'610712000',231,NO,KG,210,21,234,0,0,0,0,0,0,0,0,0,0,0,0,0,0,0,0,0,0,0,0,0,0,0,0,210,21,234,0,0,0,0,0,0,0,0,0
2,2005,404,'610712000',304,NO,KG,150,22,338,0,0,0,0,0,0,0,0,0,0,0,0,0,0,0,0,0,0,0,0,0,0,0,0,0,0,0,150,22,338,0,0,0,0,0,0
2,2005,404,'610712000',504,NO,KG,160,8,625,0,0,0,0,0,0,0,0,0,0,0,0,0,0,0,0,0,0,160,8,625,0,0,0,0,0,0,0,0,0,0,0,0,0,0,0
2,2005,404,'610719000',105,NO,KG,7437,617,4192,1621,172,1259,553,51,347,0,0,0,1400,120,637,900,60,404,0,0,0,880,78,448,0,0,0,2083,136,1097,0,0,0,0,0,0,0,0,0
2,2005,404,'610719000',213,NO,KG,1554,245,4796,0,0,0,0,0,0,0,0,0,0,0,0,0,0,0,0,0,0,0,0,0,0,0,0,200,51,768,343,47,901,293,42,891,718,105,2236
2,2005,404,'610721000',105,NO,KG,86491,49351,64982,2563,1339,2334,7297,3852,5069,26026,15089,17476,21804,12912,14629,2739,1792,2417,1250,561,1075,6176,1721,2615,10300,6574,10464,1928,1662,2582,1392,851,1377,3222,2009,2610,1794,989,2334
2,2005,404,'610722000',103,NO,KG,1300,598,404,0,0,0,0,0,0,0,0,0,0,0,0,0,0,0,0,0,0,0,0,0,0,0,0,0,0,0,0,0,0,0,0,0,1300,598,404
2,2005,404,'610722000',105,NO,KG,23765,14553,15038,1280,800,418,1210,786,646,1822,812,1055,1656,1108,1248,0,0,0,0,0,0,2531,1111,1583,4695,3387,3145,3911,2436,2240,4220,2697,2929,780,501,865,1660,915,909
2,2005,404,'610729000',105,NO,KG,187,89,595,0,0,0,187,89,595,0,0,0,0,0,0,0,0,0,0,0,0,0,0,0,0,0,0,0,0,0,0,0,0,0,0,0,0,0,0
2,2005,404,'610791020',220,NO,KG,275,24,555,0,0,0,0,0,0,0,0,0,0,0,0,0,0,0,0,0,0,275,24,555,0,0,0,0,0,0,0,0,0,0,0,0,0,0,0
2,2005,404,'610792019',105,NO,KG,300,200,393,0,0,0,0,0,0,0,0,0,0,0,0,0,0,0,0,0,0,0,0,0,0,0,0,0,0,0,0,0,0,300,200,393,0,0,0
2,2005,404,'610792020',105,NO,KG,600,150,260,0,0,0,0,0,0,0,0,0,0,0,0,0,0,0,0,0,0,0,0,0,0,0,0,0,0,0,600,150,260,0,0,0,0,0,0
2,2005,404,'610792020',111,NO,KG,1260,303,333,0,0,0,0,0,0,0,0,0,0,0,0,0,0,0,1260,303,333,0,0,0,0,0,0,0,0,0,0,0,0,0,0,0,0,0,0
2,2005,404,'610792020',304,NO,KG,1665,120,542,0,0,0,0,0,0,0,0,0,0,0,0,1665,120,542,0,0,0,0,0,0,0,0,0,0,0,0,0,0,0,0,0,0,0,0,0
2,2005,404,'610811000',103,NO,KG,5232,473,2348,0,0,0,2991,299,224,0,0,0,0,0,0,0,0,0,0,0,0,610,36,421,498,69,903,707,35,459,0,0,0,0,0,0,426,34,341
2,2005,404,'610811000',105,NO,KG,192729,18905,108059,18618,2023,11717,16966,1546,11184,17252,1485,8393,33766,2739,20941,4995,399,2915,5322,305,2856,13613,1240,6418,18788,2599,13172,12262,1332,5399,10800,1008,5351,24585,2706,10184,15762,1523,9529
2,2005,404,'610811000',110,NO,KG,70698,6341,31545,840,70,691,1100,148,285,10034,664,3640,6300,516,1983,0,0,0,1722,239,555,14738,1221,7851,5653,515,4191,7823,777,3525,13382,1311,5111,4850,519,1933,4256,361,1780
2,2005,404,'610811000',210,NO,KG,1114,157,3401,0,0,0,0,0,0,441,44,1360,0,0,0,0,0,0,0,0,0,0,0,0,0,0,0,673,113,2041,0,0,0,0,0,0,0,0,0
2,2005,404,'610811000',213,NO,KG,288,29,771,0,0,0,0,0,0,0,0,0,0,0,0,0,0,0,0,0,0,0,0,0,0,0,0,0,0,0,288,29,771,0,0,0,0,0,0
2,2005,404,'610811000',220,NO,KG,4348,355,16608,0,0,0,330,21,1091,0,0,0,129,40,509,123,14,426,0,0,0,447,30,2706,372,94,905,1965,65,4606,555,50,3464,190,15,1367,237,26,1534
2,2005,404,'610811000',246,NO,KG,73,6,271,0,0,0,0,0,0,0,0,0,0,0,0,0,0,0,0,0,0,0,0,0,0,0,0,0,0,0,73,6,271,0,0,0,0,0,0
2,2005,404,'610811000',305,NO,KG,170,16,488,0,0,0,0,0,0,0,0,0,0,0,0,0,0,0,0,0,0,80,6,271,0,0,0,90,10,217,0,0,0,0,0,0,0,0,0
2,2005,404,'610819010',103,NO,KG,3372,337,249,0,0,0,3372,337,249,0,0,0,0,0,0,0,0,0,0,0,0,0,0,0,0,0,0,0,0,0,0,0,0,0,0,0,0,0,0
2,2005,404,'610819010',105,NO,KG,116442,10425,40155,8351,730,4346,14776,1573,5191,11882,962,5429,13643,1182,5833,28620,2518,7176,10975,792,3115,620,49,352,15936,1492,4998,4139,407,1224,4486,382,1242,1814,192,896,1200,146,353
2,2005,404,'610819010',110,NO,KG,2783,254,2025,0,0,0,0,0,0,0,0,0,0,0,0,0,0,0,0,0,0,0,0,0,0,0,0,2513,212,1823,270,42,202,0,0,0,0,0,0
2,2005,404,'610819010',111,NO,KG,9149,1089,4854,0,0,0,1556,160,756,2862,294,1442,675,131,369,0,0,0,540,116,339,3516,388,1948,0,0,0,0,0,0,0,0,0,0,0,0,0,0,0
2,2005,404,'610819010',217,NO,KG,636,26,689,374,16,424,262,10,265,0,0,0,0,0,0,0,0,0,0,0,0,0,0,0,0,0,0,0,0,0,0,0,0,0,0,0,0,0,0
2,2005,404,'610819010',220,NO,KG,363,41,321,0,0,0,0,0,0,0,0,0,0,0,0,363,41,321,0,0,0,0,0,0,0,0,0,0,0,0,0,0,0,0,0,0,0,0,0
2,2005,404,'610819090',105,NO,KG,32044,3711,25206,0,0,0,0,0,0,782,72,544,2506,302,1632,9256,1056,6589,4240,470,3330,0,0,0,7747,848,5450,3000,480,2046,1359,198,1107,0,0,0,3154,285,4508
2,2005,404,'610819090',210,NO,KG,985,125,3852,0,0,0,0,0,0,539,53,1989,0,0,0,0,0,0,0,0,0,0,0,0,0,0,0,446,72,1863,0,0,0,0,0,0,0,0,0
2,2005,404,'610819090',220,NO,KG,85,20,900,0,0,0,0,0,0,30,10,350,0,0,0,0,0,0,0,0,0,0,0,0,0,0,0,24,5,257,0,0,0,31,5,293,0,0,0
2,2005,404,'610821000',103,NO,KG,1253,105,623,0,0,0,0,0,0,0,0,0,1253,105,623,0,0,0,0,0,0,0,0,0,0,0,0,0,0,0,0,0,0,0,0,0,0,0,0
2,2005,404,'610821000',105,NO,KG,3535016,157049,575931,368531,15113,68865,305474,15934,50803,497607,21064,73310,446803,18668,67936,273179,10106,35112,231061,9562,46221,163370,7075,26954,319525,15409,44945,310136,13253,51212,267422,13648,48979,201147,9968,34635,150761,7249,26959
2,2005,404,'610821000',106,NO,KG,4182,49,619,0,0,0,0,0,0,0,0,0,0,0,0,2182,30,375,0,0,0,0,0,0,0,0,0,0,0,0,2000,19,244,0,0,0,0,0,0
2,2005,404,'610821000',110,NO,KG,812566,22559,140955,117490,3294,18309,81142,2021,13143,145490,3949,23802,62548,1738,9446,61048,1626,8788,35020,1059,7012,61924,1996,13775,110315,2882,22608,67055,1982,11139,22745,736,4447,35535,924,6229,12254,352,2257
2,2005,404,'610821000',111,NO,KG,213007,15160,50211,2335,160,820,7100,642,1622,29222,1388,7015,870,47,295,22070,1335,4150,18332,912,5827,8670,509,3055,21021,1188,5107,24475,1568,5993,30809,3531,7127,29907,2740,5596,18196,1140,3604
2,2005,404,'610821000',205,NO,KG,145,18,332,0,0,0,0,0,0,0,0,0,0,0,0,0,0,0,0,0,0,0,0,0,145,18,332,0,0,0,0,0,0,0,0,0,0,0,0
2,2005,404,'610821000',210,NO,KG,1131,75,2504,0,0,0,1131,75,2504,0,0,0,0,0,0,0,0,0,0,0,0,0,0,0,0,0,0,0,0,0,0,0,0,0,0,0,0,0,0
2,2005,404,'610821000',213,NO,KG,4738,289,3941,350,16,254,0,0,0,680,28,491,1178,52,910,753,36,591,300,26,268,230,29,236,0,0,0,387,28,395,860,74,796,0,0,0,0,0,0
2,2005,404,'610821000',217,NO,KG,14687,795,16330,3825,188,4723,657,67,896,985,43,1055,1120,34,1153,1647,86,1758,1178,87,1231,1084,78,1119,1200,50,1165,0,0,0,1437,63,1425,525,25,549,1029,74,1256
2,2005,404,'610821000',220,NO,KG,3742,247,6414,99,19,451,0,0,0,817,69,1760,0,0,0,0,0,0,660,33,585,1384,81,2398,432,24,413,0,0,0,70,8,228,240,12,269,40,1,310
2,2005,404,'610821000',302,NO,KG,1650,24,669,0,0,0,0,0,0,0,0,0,0,0,0,0,0,0,0,0,0,1650,24,669,0,0,0,0,0,0,0,0,0,0,0,0,0,0,0
2,2005,404,'610821000',410,NO,KG,6652,356,2236,0,0,0,0,0,0,0,0,0,0,0,0,0,0,0,0,0,0,0,0,0,0,0,0,398,95,417,0,0,0,0,0,0,6254,261,1819
2,2005,404,'610821000',506,NO,KG,768,70,653,0,0,0,0,0,0,392,40,355,0,0,0,0,0,0,0,0,0,0,0,0,376,30,298,0,0,0,0,0,0,0,0,0,0,0,0
2,2005,404,'610822000',103,NO,KG,39853,660,2843,0,0,0,1684,50,432,0,0,0,0,0,0,0,0,0,1309,52,531,0,0,0,0,0,0,35450,516,1496,0,0,0,0,0,0,1410,42,384
2,2005,404,'610822000',105,NO,KG,5350347,218270,1271742,401306,15484,116767,349383,14392,88266,811682,30502,171610,614345,23607,136443,496975,19980,121844,458107,17085,101711,374708,14290,98790,492622,24681,118187,388342,17550,98032,320375,14816,68824,347322,13476,82416,295180,12407,68852
2,2005,404,'610822000',106,NO,KG,104602,4511,21558,13089,601,2756,5339,231,1083,26593,1012,4486,9516,448,2083,2000,19,244,12133,549,2773,3460,86,689,0,0,0,8358,395,1817,575,41,243,12639,602,2774,10900,527,2610
2,2005,404,'610822000',110,NO,KG,970975,29134,238040,76714,1920,16143,32261,1109,9065,69227,2336,20665,76506,2037,18289,76437,2393,20523,82164,2202,20791,92326,2682,24274,105987,3359,26878,56708,1811,13699,92632,2635,23656,85048,2827,19909,124965,3823,24148
2,2005,404,'610822000',111,NO,KG,164432,7547,37940,7247,394,1493,14152,1285,4009,3456,108,949,0,0,0,17785,977,5843,23844,927,6264,13400,368,3073,21234,909,5612,20651,934,5048,13754,520,2093,26509,1037,3311,2400,88,245
2,2005,404,'610822000',118,NO,KG,12609,385,2701,0,0,0,0,0,0,2613,79,495,3090,93,671,3906,118,882,1735,53,369,1265,42,284,0,0,0,0,0,0,0,0,0,0,0,0,0,0,0
2,2005,404,'610822000',143,NO,KG,1086,93,931,300,27,205,0,0,0,0,0,0,402,28,421,0,0,0,0,0,0,0,0,0,384,38,305,0,0,0,0,0,0,0,0,0,0,0,0
2,2005,404,'610822000',210,NO,KG,12005,442,17164,0,0,0,1071,48,1452,2095,134,3726,120,6,241,2030,84,2756,0,0,0,990,39,1781,1040,13,1316,550,13,711,2210,40,4228,0,0,0,1899,65,953
2,2005,404,'610822000',213,NO,KG,717,82,1652,0,0,0,0,0,0,0,0,0,252,11,271,0,0,0,161,12,265,0,0,0,204,52,899,0,0,0,100,7,217,0,0,0,0,0,0
2,2005,404,'610822000',217,NO,KG,976,56,1302,0,0,0,322,17,419,0,0,0,0,0,0,0,0,0,172,12,242,189,11,256,293,16,385,0,0,0,0,0,0,0,0,0,0,0,0
2,2005,404,'610822000',220,NO,KG,46782,2601,81881,497,23,991,1790,166,4212,2971,157,5620,5839,241,5149,5832,231,3251,430,18,814,8088,443,20375,2534,231,5022,2240,121,6160,10163,565,14171,2691,219,7214,3707,186,8902
2,2005,404,'610822000',231,NO,KG,69,9,236,0,0,0,0,0,0,0,0,0,69,9,236,0,0,0,0,0,0,0,0,0,0,0,0,0,0,0,0,0,0,0,0,0,0,0,0
2,2005,404,'610822000',304,NO,KG,3546,144,2916,0,0,0,513,30,212,0,0,0,401,22,321,570,18,718,0,0,0,302,14,257,971,26,715,219,11,238,0,0,0,305,15,254,265,8,201
2,2005,404,'610822000',305,NO,KG,1365,74,1537,0,0,0,0,0,0,0,0,0,0,0,0,0,0,0,0,0,0,660,39,697,0,0,0,705,35,840,0,0,0,0,0,0,0,0,0
2,2005,404,'610822000',601,NO,KG,917,20,669,0,0,0,917,20,669,0,0,0,0,0,0,0,0,0,0,0,0,0,0,0,0,0,0,0,0,0,0,0,0,0,0,0,0,0,0
2,2005,404,'610829000',105,NO,KG,131651,7278,48536,5813,212,1803,5500,369,1434,7744,702,3526,2691,144,1000,36063,1614,9038,4830,288,1960,4644,340,2209,5050,198,2608,19216,1146,8141,20215,1009,7019,6652,586,4618,13233,670,5180
2,2005,404,'610829000',213,NO,KG,12032,1083,25172,1241,62,2175,0,0,0,825,28,1440,859,36,1535,655,32,1224,369,16,675,0,0,0,799,83,1505,1023,96,2197,1255,110,2614,2729,310,6933,2277,310,4874
2,2005,404,'610829000',217,NO,KG,1996,149,5664,0,0,0,0,0,0,0,0,0,0,0,0,0,0,0,0,0,0,1528,122,4124,333,20,1135,0,0,0,0,0,0,135,7,405,0,0,0
2,2005,404,'610829000',220,NO,KG,252,60,728,0,0,0,0,0,0,0,0,0,0,0,0,0,0,0,0,0,0,0,0,0,104,47,296,0,0,0,108,12,212,0,0,0,40,1,220
2,2005,404,'610831000',103,NO,KG,180,90,361,0,0,0,0,0,0,0,0,0,0,0,0,0,0,0,0,0,0,0,0,0,180,90,361,0,0,0,0,0,0,0,0,0,0,0,0
2,2005,404,'610831000',105,NO,KG,283030,117078,225987,7774,3565,5231,14744,6363,14057,71964,31511,61031,75852,31373,72753,29075,7911,15051,5297,1630,3392,13365,4349,9673,15931,8390,11790,36397,15084,20365,2315,1178,2867,3371,2208,3282,6945,3516,6495
2,2005,404,'610831000',118,NO,KG,907,508,1103,0,0,0,622,433,846,0,0,0,0,0,0,285,75,257,0,0,0,0,0,0,0,0,0,0,0,0,0,0,0,0,0,0,0,0,0
2,2005,404,'610831000',210,NO,KG,119,33,594,0,0,0,0,0,0,0,0,0,0,0,0,0,0,0,0,0,0,0,0,0,119,33,594,0,0,0,0,0,0,0,0,0,0,0,0
2,2005,404,'610831000',213,NO,KG,82,19,534,0,0,0,0,0,0,0,0,0,0,0,0,0,0,0,0,0,0,0,0,0,82,19,534,0,0,0,0,0,0,0,0,0,0,0,0
2,2005,404,'610831000',217,NO,KG,1264,295,7230,77,15,391,214,49,1189,236,52,1286,133,20,992,35,12,240,80,18,416,207,44,1029,96,27,636,0,0,0,75,18,420,0,0,0,111,40,631
2,2005,404,'610831000',220,NO,KG,697,276,3727,0,0,0,86,17,228,0,0,0,104,38,616,0,0,0,0,0,0,222,88,1399,57,34,373,0,0,0,118,45,739,110,54,372,0,0,0
2,2005,404,'610831000',236,NO,KG,172,45,1156,0,0,0,0,0,0,0,0,0,0,0,0,0,0,0,0,0,0,0,0,0,0,0,0,172,45,1156,0,0,0,0,0,0,0,0,0
2,2005,404,'610831000',237,NO,KG,160,40,1280,0,0,0,0,0,0,160,40,1280,0,0,0,0,0,0,0,0,0,0,0,0,0,0,0,0,0,0,0,0,0,0,0,0,0,0,0
2,2005,404,'610831000',241,NO,KG,157,41,1191,0,0,0,0,0,0,74,17,541,0,0,0,0,0,0,0,0,0,0,0,0,0,0,0,83,24,650,0,0,0,0,0,0,0,0,0
2,2005,404,'610831000',242,NO,KG,203,62,1441,0,0,0,76,18,519,0,0,0,0,0,0,0,0,0,0,0,0,0,0,0,38,18,300,89,26,622,0,0,0,0,0,0,0,0,0
2,2005,404,'610832000',105,NO,KG,61572,30708,45219,0,0,0,1779,507,1450,5085,1850,3706,0,0,0,3180,900,1285,480,243,700,967,407,754,8449,4512,5619,10076,6453,7834,13360,7258,11041,14276,6269,10205,3920,2309,2625
2,2005,404,'610832000',111,NO,KG,2341,1632,7563,0,0,0,0,0,0,0,0,0,0,0,0,0,0,0,0,0,0,0,0,0,0,0,0,2227,1556,7296,114,76,267,0,0,0,0,0,0
2,2005,404,'610832000',210,NO,KG,75,45,298,0,0,0,0,0,0,0,0,0,0,0,0,0,0,0,0,0,0,0,0,0,0,0,0,0,0,0,75,45,298,0,0,0,0,0,0
2,2005,404,'610832000',217,NO,KG,54,17,242,0,0,0,0,0,0,0,0,0,0,0,0,0,0,0,54,17,242,0,0,0,0,0,0,0,0,0,0,0,0,0,0,0,0,0,0
2,2005,404,'610832000',220,NO,KG,568,224,2386,0,0,0,0,0,0,0,0,0,29,10,204,0,0,0,0,0,0,136,34,683,0,0,0,179,91,660,0,0,0,194,65,552,30,24,287
2,2005,404,'610832000',236,NO,KG,62,35,594,0,0,0,0,0,0,0,0,0,0,0,0,0,0,0,0,0,0,0,0,0,62,35,594,0,0,0,0,0,0,0,0,0,0,0,0
2,2005,404,'610832000',241,NO,KG,45,22,376,0,0,0,0,0,0,0,0,0,0,0,0,0,0,0,0,0,0,0,0,0,45,22,376,0,0,0,0,0,0,0,0,0,0,0,0
2,2005,404,'610832000',242,NO,KG,36,16,275,0,0,0,0,0,0,0,0,0,0,0,0,0,0,0,0,0,0,0,0,0,36,16,275,0,0,0,0,0,0,0,0,0,0,0,0
2,2005,404,'610839000',105,NO,KG,11998,3233,24560,218,50,668,1142,278,2193,0,0,0,3326,954,6964,1539,408,3163,213,79,437,2307,592,4484,973,297,1714,739,192,1556,1122,241,2443,0,0,0,419,142,938
2,2005,404,'610839000',220,NO,KG,40,16,571,0,0,0,0,0,0,40,16,571,0,0,0,0,0,0,0,0,0,0,0,0,0,0,0,0,0,0,0,0,0,0,0,0,0,0,0
2,2005,404,'610891011',105,NO,KG,350,103,515,0,0,0,0,0,0,0,0,0,350,103,515,0,0,0,0,0,0,0,0,0,0,0,0,0,0,0,0,0,0,0,0,0,0,0,0
2,2005,404,'610891011',210,NO,KG,600,221,1194,120,45,246,0,0,0,120,47,228,0,0,0,120,42,237,0,0,0,120,47,235,0,0,0,0,0,0,120,40,248,0,0,0,0,0,0
2,2005,404,'610891011',213,NO,KG,32,10,238,32,10,238,0,0,0,0,0,0,0,0,0,0,0,0,0,0,0,0,0,0,0,0,0,0,0,0,0,0,0,0,0,0,0,0,0
2,2005,404,'610891011',217,NO,KG,9238,1057,19887,2863,257,6433,922,64,1804,365,34,837,339,34,707,245,32,450,1193,185,2601,785,117,1567,840,87,1571,0,0,0,0,0,0,332,44,694,1354,203,3223
2,2005,404,'610891011',220,NO,KG,273,96,1537,0,0,0,0,0,0,0,0,0,0,0,0,0,0,0,0,0,0,190,38,1063,51,46,259,0,0,0,32,12,215,0,0,0,0,0,0
2,2005,404,'610891011',227,NO,KG,320,76,503,0,0,0,0,0,0,0,0,0,0,0,0,0,0,0,320,76,503,0,0,0,0,0,0,0,0,0,0,0,0,0,0,0,0,0,0
2,2005,404,'610891011',236,NO,KG,150,33,947,0,0,0,150,33,947,0,0,0,0,0,0,0,0,0,0,0,0,0,0,0,0,0,0,0,0,0,0,0,0,0,0,0,0,0,0
2,2005,404,'610891011',241,NO,KG,50,8,257,0,0,0,50,8,257,0,0,0,0,0,0,0,0,0,0,0,0,0,0,0,0,0,0,0,0,0,0,0,0,0,0,0,0,0,0
2,2005,404,'610891011',242,NO,KG,167,33,912,0,0,0,126,23,671,0,0,0,0,0,0,0,0,0,0,0,0,0,0,0,0,0,0,41,10,241,0,0,0,0,0,0,0,0,0
2,2005,404,'610891011',304,NO,KG,254,39,698,0,0,0,0,0,0,0,0,0,120,26,267,0,0,0,0,0,0,0,0,0,134,13,431,0,0,0,0,0,0,0,0,0,0,0,0
2,2005,404,'610891012',105,NO,KG,843,527,601,843,527,601,0,0,0,0,0,0,0,0,0,0,0,0,0,0,0,0,0,0,0,0,0,0,0,0,0,0,0,0,0,0,0,0,0
2,2005,404,'610891020',105,NO,KG,578164,52643,178813,46823,3923,14950,36416,3383,13308,132988,11367,39616,85184,6796,22294,47165,3805,14553,68071,5337,20827,37301,2940,9155,42130,4248,13804,28990,3418,9666,19536,2299,5804,14443,1651,5690,19117,3476,9146
2,2005,404,'610891020',106,NO,KG,2340,195,356,0,0,0,0,0,0,0,0,0,0,0,0,0,0,0,0,0,0,2340,195,356,0,0,0,0,0,0,0,0,0,0,0,0,0,0,0
2,2005,404,'610891020',108,NO,KG,1090,100,319,0,0,0,0,0,0,0,0,0,1090,100,319,0,0,0,0,0,0,0,0,0,0,0,0,0,0,0,0,0,0,0,0,0,0,0,0
2,2005,404,'610891020',110,NO,KG,5925,369,3235,0,0,0,0,0,0,0,0,0,1500,116,592,2500,106,1388,0,0,0,0,0,0,0,0,0,1467,105,879,458,42,376,0,0,0,0,0,0
2,2005,404,'610891020',111,NO,KG,118957,13029,40089,6572,1458,3250,7690,889,2052,6002,582,3128,8510,716,3493,11364,1015,5440,23453,2614,7669,10044,1150,2887,12686,1684,3071,8072,867,2411,18875,1542,5265,3794,349,895,1895,163,528
2,2005,404,'610891020',123,NO,KG,605,45,223,0,0,0,0,0,0,605,45,223,0,0,0,0,0,0,0,0,0,0,0,0,0,0,0,0,0,0,0,0,0,0,0,0,0,0,0
2,2005,404,'610891020',215,NO,KG,145,15,227,0,0,0,0,0,0,0,0,0,0,0,0,0,0,0,145,15,227,0,0,0,0,0,0,0,0,0,0,0,0,0,0,0,0,0,0
2,2005,404,'610891020',217,NO,KG,5385,462,9299,1655,115,2898,0,0,0,980,69,1701,980,98,1679,830,69,1409,630,78,1104,310,33,508,0,0,0,0,0,0,0,0,0,0,0,0,0,0,0
2,2005,404,'610891020',220,NO,KG,2590,209,3649,0,0,0,0,0,0,96,11,213,1896,125,2140,0,0,0,360,34,390,238,39,906,0,0,0,0,0,0,0,0,0,0,0,0,0,0,0
2,2005,404,'610891020',227,NO,KG,175,15,399,175,15,399,0,0,0,0,0,0,0,0,0,0,0,0,0,0,0,0,0,0,0,0,0,0,0,0,0,0,0,0,0,0,0,0,0
2,2005,404,'610891020',304,NO,KG,1608,141,557,0,0,0,0,0,0,0,0,0,0,0,0,1008,105,343,0,0,0,0,0,0,600,36,214,0,0,0,0,0,0,0,0,0,0,0,0
2,2005,404,'610892014',105,NO,KG,2832,1304,2906,0,0,0,0,0,0,0,0,0,810,194,321,0,0,0,0,0,0,0,0,0,0,0,0,0,0,0,1024,505,1147,566,298,1121,432,307,317
2,2005,404,'610892014',210,NO,KG,231,107,1384,0,0,0,0,0,0,0,0,0,0,0,0,0,0,0,0,0,0,0,0,0,0,0,0,231,107,1384,0,0,0,0,0,0,0,0,0
2,2005,404,'610892014',217,NO,KG,1975,250,5453,342,31,788,280,30,735,135,15,385,130,13,341,85,11,227,189,43,487,434,64,1493,380,43,997,0,0,0,0,0,0,0,0,0,0,0,0
2,2005,404,'610892014',220,NO,KG,562,231,3123,0,0,0,0,0,0,0,0,0,418,87,1952,0,0,0,0,0,0,0,0,0,0,0,0,64,64,591,0,0,0,0,0,0,80,80,580
2,2005,404,'610892014',236,NO,KG,40,23,397,0,0,0,0,0,0,0,0,0,0,0,0,0,0,0,0,0,0,0,0,0,40,23,397,0,0,0,0,0,0,0,0,0,0,0,0
2,2005,404,'610892014',241,NO,KG,30,13,216,0,0,0,0,0,0,0,0,0,0,0,0,0,0,0,0,0,0,0,0,0,30,13,216,0,0,0,0,0,0,0,0,0,0,0,0
2,2005,404,'610892014',242,NO,KG,55,21,365,0,0,0,0,0,0,0,0,0,0,0,0,0,0,0,0,0,0,0,0,0,55,21,365,0,0,0,0,0,0,0,0,0,0,0,0
2,2005,404,'610892014',302,NO,KG,194,23,491,194,23,491,0,0,0,0,0,0,0,0,0,0,0,0,0,0,0,0,0,0,0,0,0,0,0,0,0,0,0,0,0,0,0,0,0
2,2005,404,'610892014',304,NO,KG,357,29,1350,0,0,0,0,0,0,0,0,0,70,4,259,196,16,796,0,0,0,0,0,0,0,0,0,91,9,295,0,0,0,0,0,0,0,0,0
2,2005,404,'610892016',103,NO,KG,100,16,201,0,0,0,0,0,0,0,0,0,0,0,0,0,0,0,0,0,0,0,0,0,100,16,201,0,0,0,0,0,0,0,0,0,0,0,0
2,2005,404,'610892016',105,NO,KG,920,78,318,0,0,0,0,0,0,0,0,0,0,0,0,0,0,0,0,0,0,0,0,0,0,0,0,0,0,0,920,78,318,0,0,0,0,0,0
2,2005,404,'610892020',103,NO,KG,3976,390,3669,0,0,0,0,0,0,1769,157,1364,0,0,0,0,0,0,152,18,234,0,0,0,272,27,403,0,0,0,1783,188,1668,0,0,0,0,0,0
2,2005,404,'610892020',105,NO,KG,936622,94832,373020,81868,6454,32632,61570,5069,18920,54701,4622,17471,63642,7663,35836,15218,1135,6173,25407,1909,14738,43326,4231,16338,58432,5946,21910,80034,9055,31352,138915,14097,52126,185472,19808,75413,128037,14843,50111
2,2005,404,'610892020',106,NO,KG,19671,2222,11383,3652,365,1543,1315,150,684,1357,242,1052,0,0,0,821,83,300,901,215,672,5195,478,2925,1346,193,1261,1259,167,1000,2500,174,1059,591,50,378,734,105,509
2,2005,404,'610892020',110,NO,KG,56972,4551,33889,4361,323,3349,1105,97,929,5275,345,2189,3690,191,1072,0,0,0,2475,279,1099,11154,786,6028,8085,696,6266,9159,602,5008,5560,651,3662,2318,215,1040,3790,366,3247
2,2005,404,'610892020',111,NO,KG,82625,7861,32682,6288,456,1969,4000,329,2038,1164,72,467,3000,231,1395,8481,664,3896,9177,735,4061,0,0,0,14495,1637,4482,6300,615,1855,11058,1251,4376,16811,1689,7302,1851,182,841
2,2005,404,'610892020',210,NO,KG,565,58,2052,0,0,0,160,21,986,0,0,0,0,0,0,0,0,0,0,0,0,0,0,0,245,8,453,109,24,337,0,0,0,0,0,0,51,5,276
2,2005,404,'610892020',220,NO,KG,5140,546,20771,549,99,2605,0,0,0,40,7,213,798,76,1351,264,40,1224,150,22,697,1133,119,5988,259,22,684,296,30,784,1438,110,6711,0,0,0,213,21,514
2,2005,404,'610892020',304,NO,KG,15620,1745,18603,343,29,484,1156,76,911,1923,213,2552,1165,196,1761,1056,105,1767,2125,171,998,140,42,265,2149,263,2492,1579,141,2753,207,23,452,2512,323,2447,1265,163,1721
2,2005,404,'610899015',105,NO,KG,157,42,238,0,0,0,0,0,0,0,0,0,0,0,0,0,0,0,0,0,0,0,0,0,0,0,0,157,42,238,0,0,0,0,0,0,0,0,0
2,2005,404,'610899015',210,NO,KG,62,9,361,0,0,0,0,0,0,62,9,361,0,0,0,0,0,0,0,0,0,0,0,0,0,0,0,0,0,0,0,0,0,0,0,0,0,0,0
2,2005,404,'610899015',217,NO,KG,3286,431,10227,0,0,0,0,0,0,0,0,0,0,0,0,0,0,0,83,16,341,1891,242,5653,617,64,1918,0,0,0,0,0,0,695,109,2315,0,0,0
2,2005,404,'610899015',220,NO,KG,24,10,612,0,0,0,0,0,0,3,2,346,0,0,0,0,0,0,0,0,0,0,0,0,0,0,0,21,8,266,0,0,0,0,0,0,0,0,0
2,2005,404,'610899019',105,NO,KG,173,99,352,0,0,0,0,0,0,0,0,0,0,0,0,0,0,0,0,0,0,0,0,0,173,99,352,0,0,0,0,0,0,0,0,0,0,0,0
2,2005,404,'610899019',220,NO,KG,14,4,203,0,0,0,14,4,203,0,0,0,0,0,0,0,0,0,0,0,0,0,0,0,0,0,0,0,0,0,0,0,0,0,0,0,0,0,0
2,2005,404,'610899020',105,NO,KG,71016,4670,31407,7337,408,3727,0,0,0,5694,321,2082,7403,557,3468,7376,580,3476,13031,774,4879,3828,276,1728,11239,901,5631,9181,476,3587,5046,310,2010,0,0,0,881,67,819
2,2005,404,'610899020',217,NO,KG,720,96,2469,65,11,285,0,0,0,0,0,0,0,0,0,55,5,210,0,0,0,70,7,237,255,34,779,0,0,0,110,17,386,110,17,358,55,5,214
2,2005,404,'610899020',220,NO,KG,198,15,221,0,0,0,0,0,0,0,0,0,0,0,0,0,0,0,0,0,0,0,0,0,198,15,221,0,0,0,0,0,0,0,0,0,0,0,0
2,2005,404,'610910011',103,NO,KG,32008,5081,23072,0,0,0,0,0,0,3742,408,3144,2718,495,1980,4925,592,4706,5490,798,5362,1048,152,1145,0,0,0,6612,1187,2963,1226,245,692,3788,674,1661,2459,530,1419
2,2005,404,'610910011',105,NO,KG,666449,105400,379701,12585,2363,7367,31004,5561,19745,124583,18249,66856,158370,24582,83613,58132,9170,47523,73492,11271,45127,33396,5282,18228,30380,5179,21894,65107,8084,23862,20175,3024,11336,29993,6307,14139,29232,6328,20011
2,2005,404,'610910011',108,NO,KG,6202,1081,10074,142,57,207,186,31,313,807,131,465,1768,264,4119,753,123,1774,668,111,596,0,0,0,0,0,0,1099,154,2180,779,210,420,0,0,0,0,0,0
2,2005,404,'610910011',110,NO,KG,17138,2635,16209,0,0,0,0,0,0,1709,252,1863,4628,684,5232,2666,530,3816,302,59,231,2027,252,1484,3857,546,2439,0,0,0,616,192,347,0,0,0,1333,120,797
2,2005,404,'610910011',111,NO,KG,15438,2386,11075,817,157,1263,2723,424,2421,8407,1375,5265,2368,312,1453,0,0,0,648,76,369,0,0,0,0,0,0,0,0,0,475,42,304,0,0,0,0,0,0
2,2005,404,'610910011',118,NO,KG,17164,2370,8464,507,58,217,3106,452,1763,2452,391,1410,8324,847,3492,0,0,0,0,0,0,708,104,288,341,51,246,1726,467,1048,0,0,0,0,0,0,0,0,0
2,2005,404,'610910011',123,NO,KG,30018,4330,17489,0,0,0,1693,306,2960,2176,465,2477,0,0,0,12871,1804,4189,8240,1093,3076,3824,448,1538,184,40,531,753,125,2458,277,49,260,0,0,0,0,0,0
2,2005,404,'610910011',129,NO,KG,1935,552,1667,0,0,0,0,0,0,0,0,0,0,0,0,0,0,0,0,0,0,0,0,0,1409,394,1217,0,0,0,0,0,0,0,0,0,526,158,450
2,2005,404,'610910011',131,NO,KG,212,49,275,0,0,0,0,0,0,0,0,0,0,0,0,0,0,0,0,0,0,0,0,0,0,0,0,212,49,275,0,0,0,0,0,0,0,0,0
2,2005,404,'610910011',203,NO,KG,61,12,219,0,0,0,0,0,0,61,12,219,0,0,0,0,0,0,0,0,0,0,0,0,0,0,0,0,0,0,0,0,0,0,0,0,0,0,0
2,2005,404,'610910011',205,NO,KG,248,39,871,0,0,0,0,0,0,48,9,226,0,0,0,0,0,0,0,0,0,0,0,0,0,0,0,124,18,333,76,12,312,0,0,0,0,0,0
2,2005,404,'610910011',207,NO,KG,91,13,207,0,0,0,0,0,0,0,0,0,0,0,0,0,0,0,0,0,0,0,0,0,91,13,207,0,0,0,0,0,0,0,0,0,0,0,0
2,2005,404,'610910011',208,NO,KG,236,34,589,0,0,0,0,0,0,0,0,0,96,18,326,0,0,0,0,0,0,0,0,0,140,16,263,0,0,0,0,0,0,0,0,0,0,0,0
2,2005,404,'610910011',210,NO,KG,5428,811,16076,416,39,1083,842,116,2036,250,36,802,1450,139,3856,314,32,619,577,93,1042,103,14,234,705,174,3262,92,20,208,315,64,846,149,37,1341,215,47,747
2,2005,404,'610910011',213,NO,KG,37,4,202,0,0,0,37,4,202,0,0,0,0,0,0,0,0,0,0,0,0,0,0,0,0,0,0,0,0,0,0,0,0,0,0,0,0,0,0
2,2005,404,'610910011',217,NO,KG,28238,4767,21505,329,52,222,1181,250,1575,180,36,386,211,26,273,0,0,0,2719,461,1124,4693,670,2063,4638,744,3644,2263,459,1979,5558,952,3907,4759,806,3755,1707,311,2577
2,2005,404,'610910011',218,NO,KG,80,10,209,0,0,0,0,0,0,80,10,209,0,0,0,0,0,0,0,0,0,0,0,0,0,0,0,0,0,0,0,0,0,0,0,0,0,0,0
2,2005,404,'610910011',220,NO,KG,17671,3139,86526,1806,261,8139,3050,512,11078,3914,608,17618,2029,346,10853,151,25,737,183,38,2001,1257,283,7496,2116,399,11058,998,237,5404,505,140,2554,1032,170,4841,630,120,4747
2,2005,404,'610910011',223,NO,KG,639,79,2107,0,0,0,0,0,0,475,55,1184,0,0,0,164,24,923,0,0,0,0,0,0,0,0,0,0,0,0,0,0,0,0,0,0,0,0,0
2,2005,404,'610910011',227,NO,KG,49,20,242,0,0,0,0,0,0,0,0,0,0,0,0,0,0,0,0,0,0,0,0,0,0,0,0,49,20,242,0,0,0,0,0,0,0,0,0
2,2005,404,'610910011',230,NO,KG,1306,189,3232,0,0,0,234,26,347,32,4,497,0,0,0,0,0,0,0,0,0,485,60,655,0,0,0,147,26,205,0,0,0,0,0,0,408,73,1528
2,2005,404,'610910011',232,NO,KG,1408,180,1412,0,0,0,0,0,0,0,0,0,0,0,0,1200,122,658,171,47,517,0,0,0,37,11,237,0,0,0,0,0,0,0,0,0,0,0,0
2,2005,404,'610910011',234,NO,KG,21032,3934,32366,0,0,0,786,179,992,3970,838,7444,2079,426,3461,1863,331,3830,1105,206,1050,537,131,1659,2934,554,5847,1141,197,1995,3002,532,1695,3031,442,3842,584,98,551
2,2005,404,'610910011',240,NO,KG,158,23,601,0,0,0,0,0,0,0,0,0,0,0,0,0,0,0,0,0,0,0,0,0,0,0,0,0,0,0,0,0,0,0,0,0,158,23,601
2,2005,404,'610910011',302,NO,KG,963,138,1563,0,0,0,530,73,775,0,0,0,0,0,0,0,0,0,0,0,0,0,0,0,123,12,217,0,0,0,0,0,0,0,0,0,310,53,571
2,2005,404,'610910011',304,NO,KG,41123,6639,83985,0,0,0,3189,495,5108,3990,646,7010,3451,772,4192,961,169,1603,11271,1711,12338,719,165,1558,409,77,942,1716,280,3883,1279,243,2502,3663,626,12843,10475,1455,32006
2,2005,404,'610910011',305,NO,KG,2211,375,3274,0,0,0,572,68,736,1412,289,2221,227,18,317,0,0,0,0,0,0,0,0,0,0,0,0,0,0,0,0,0,0,0,0,0,0,0,0
2,2005,404,'610910011',307,NO,KG,16524,3234,13803,0,0,0,0,0,0,791,88,787,15733,3146,13016,0,0,0,0,0,0,0,0,0,0,0,0,0,0,0,0,0,0,0,0,0,0,0,0
2,2005,404,'610910011',323,NO,KG,315,18,305,0,0,0,0,0,0,0,0,0,315,18,305,0,0,0,0,0,0,0,0,0,0,0,0,0,0,0,0,0,0,0,0,0,0,0,0
2,2005,404,'610910011',407,NO,KG,17275,2171,16075,0,0,0,0,0,0,0,0,0,1170,129,876,0,0,0,15258,1765,14153,0,0,0,847,277,1046,0,0,0,0,0,0,0,0,0,0,0,0
2,2005,404,'610910011',410,NO,KG,220,22,672,0,0,0,0,0,0,0,0,0,0,0,0,0,0,0,0,0,0,0,0,0,0,0,0,0,0,0,0,0,0,0,0,0,220,22,672
2,2005,404,'610910011',551,NO,KG,1458,365,1895,0,0,0,0,0,0,1458,365,1895,0,0,0,0,0,0,0,0,0,0,0,0,0,0,0,0,0,0,0,0,0,0,0,0,0,0,0
2,2005,404,'610910012',103,NO,KG,170697,23630,108114,1113,221,1351,3052,386,3020,2684,331,3218,29622,3983,19011,34417,4351,19819,34037,4287,18325,12220,1656,7893,8152,1068,4485,15596,2517,11981,21307,3208,12735,2433,453,1905,6064,1169,4371
2,2005,404,'610910012',105,NO,KG,3114301,474253,1299812,92711,16907,58214,184047,28747,65711,559987,84518,215544,828193,117334,354607,307323,44425,127298,313846,47630,134871,176799,26444,88501,210782,30435,80071,186110,33401,63448,121820,19941,47057,52215,8804,21613,80468,15667,42877
2,2005,404,'610910012',106,NO,KG,1240,231,1521,0,0,0,0,0,0,380,78,494,0,0,0,0,0,0,0,0,0,0,0,0,49,13,234,811,140,793,0,0,0,0,0,0,0,0,0
2,2005,404,'610910012',108,NO,KG,15496,2776,9199,230,92,391,442,87,862,5086,640,1407,0,0,0,472,58,551,5310,1244,2194,0,0,0,0,0,0,0,0,0,0,0,0,272,42,376,3684,613,3418
2,2005,404,'610910012',110,NO,KG,9932,1792,9908,95,21,248,455,41,226,1555,220,1180,0,0,0,0,0,0,0,0,0,5520,1104,4803,1665,281,1447,0,0,0,642,125,2004,0,0,0,0,0,0
2,2005,404,'610910012',111,NO,KG,313496,46741,102730,4117,558,1515,6430,1036,3686,25356,4312,11870,60669,9056,23875,38528,5592,10782,45732,6195,11491,62870,7193,12662,24044,4031,8822,11263,2182,3899,10717,1993,4796,11704,2184,4391,12066,2409,4941
2,2005,404,'610910012',112,NO,KG,385,69,910,0,0,0,0,0,0,0,0,0,0,0,0,176,27,407,0,0,0,0,0,0,0,0,0,0,0,0,209,42,503,0,0,0,0,0,0
2,2005,404,'610910012',117,NO,KG,2388,362,2394,0,0,0,0,0,0,1270,179,1793,0,0,0,0,0,0,0,0,0,0,0,0,0,0,0,647,100,323,0,0,0,471,83,278,0,0,0
2,2005,404,'610910012',118,NO,KG,185094,23688,75299,0,0,0,2079,342,1231,99401,12648,37476,65591,7460,25420,3186,469,2304,3200,603,1569,6379,1132,3275,1039,179,900,166,49,530,996,298,503,350,52,506,2707,456,1585
2,2005,404,'610910012',120,NO,KG,2056,280,3562,0,0,0,0,0,0,250,35,450,1350,146,2859,0,0,0,0,0,0,0,0,0,0,0,0,0,0,0,456,99,253,0,0,0,0,0,0
2,2005,404,'610910012',121,NO,KG,15543,2322,17642,6110,886,7491,1303,143,1631,1950,289,2752,0,0,0,0,0,0,3687,716,2866,688,70,884,0,0,0,0,0,0,0,0,0,0,0,0,1805,218,2018
2,2005,404,'610910012',122,NO,KG,1200,216,441,0,0,0,0,0,0,0,0,0,0,0,0,0,0,0,0,0,0,1200,216,441,0,0,0,0,0,0,0,0,0,0,0,0,0,0,0
2,2005,404,'610910012',123,NO,KG,69668,10564,54771,1347,183,1267,10821,1370,7260,14784,2240,14165,8820,1417,5822,7199,1016,2356,10695,1623,6301,5262,699,3424,1396,244,2595,1047,230,2070,1351,165,1876,4583,1060,3906,2363,317,3729
2,2005,404,'610910012',124,NO,KG,5590,1116,3352,180,40,252,0,0,0,3024,270,527,0,0,0,0,0,0,986,396,1353,0,0,0,0,0,0,200,54,235,0,0,0,0,0,0,1200,356,985
2,2005,404,'610910012',125,NO,KG,1123,340,1567,509,78,764,0,0,0,0,0,0,0,0,0,0,0,0,0,0,0,0,0,0,89,18,204,0,0,0,0,0,0,525,244,599,0,0,0
2,2005,404,'610910012',127,NO,KG,8075,1676,3102,0,0,0,265,42,350,4810,1034,1627,0,0,0,0,0,0,0,0,0,3000,600,1125,0,0,0,0,0,0,0,0,0,0,0,0,0,0,0
2,2005,404,'610910012',129,NO,KG,2326,372,3626,0,0,0,0,0,0,0,0,0,0,0,0,0,0,0,1230,250,1453,0,0,0,86,14,262,0,0,0,0,0,0,0,0,0,1010,108,1911
2,2005,404,'610910012',131,NO,KG,456,99,544,0,0,0,0,0,0,0,0,0,215,36,231,0,0,0,0,0,0,0,0,0,241,63,313,0,0,0,0,0,0,0,0,0,0,0,0
2,2005,404,'610910012',143,NO,KG,158,18,202,0,0,0,0,0,0,0,0,0,0,0,0,0,0,0,0,0,0,0,0,0,0,0,0,158,18,202,0,0,0,0,0,0,0,0,0
2,2005,404,'610910012',147,NO,KG,1378,207,1770,0,0,0,0,0,0,0,0,0,1378,207,1770,0,0,0,0,0,0,0,0,0,0,0,0,0,0,0,0,0,0,0,0,0,0,0,0
2,2005,404,'610910012',204,NO,KG,182,42,708,0,0,0,122,30,459,0,0,0,60,12,249,0,0,0,0,0,0,0,0,0,0,0,0,0,0,0,0,0,0,0,0,0,0,0,0
2,2005,404,'610910012',205,NO,KG,12172,1608,28309,100,10,320,7527,831,13394,977,176,4545,1543,215,6252,1190,238,1011,0,0,0,210,27,664,200,36,744,81,20,490,75,15,216,0,0,0,269,40,673
2,2005,404,'610910012',206,NO,KG,908,217,771,0,0,0,0,0,0,0,0,0,0,0,0,0,0,0,908,217,771,0,0,0,0,0,0,0,0,0,0,0,0,0,0,0,0,0,0
2,2005,404,'610910012',207,NO,KG,3836,553,6321,660,120,1141,2103,254,2940,0,0,0,275,47,330,397,60,985,0,0,0,401,72,925,0,0,0,0,0,0,0,0,0,0,0,0,0,0,0
2,2005,404,'610910012',208,NO,KG,13466,2337,34801,0,0,0,4565,552,8635,1557,231,7260,1617,210,5522,1375,443,3450,0,0,0,1390,200,2632,2615,650,5577,317,44,1440,0,0,0,30,7,285,0,0,0
2,2005,404,'610910012',210,NO,KG,23518,3468,38566,988,163,3059,2664,363,4792,8116,1167,9165,3488,553,6088,4336,537,5643,1727,300,2210,100,10,577,1357,269,4682,225,22,654,411,58,1439,106,26,257,0,0,0
2,2005,404,'610910012',212,NO,KG,245,25,274,0,0,0,0,0,0,245,25,274,0,0,0,0,0,0,0,0,0,0,0,0,0,0,0,0,0,0,0,0,0,0,0,0,0,0,0
2,2005,404,'610910012',213,NO,KG,354,61,1403,0,0,0,178,27,668,112,22,479,0,0,0,0,0,0,0,0,0,0,0,0,0,0,0,64,12,256,0,0,0,0,0,0,0,0,0
2,2005,404,'610910012',215,NO,KG,409,46,1034,0,0,0,28,7,267,0,0,0,126,18,514,0,0,0,0,0,0,255,21,253,0,0,0,0,0,0,0,0,0,0,0,0,0,0,0
2,2005,404,'610910012',217,NO,KG,37657,6004,33577,1650,311,1438,3807,635,3400,6494,1048,7160,6539,1021,2842,6837,1099,3118,2014,328,1514,1515,189,1646,2139,322,3682,1303,270,2071,2179,280,1094,948,130,1977,2232,371,3635
2,2005,404,'610910012',218,NO,KG,981,212,3060,0,0,0,335,52,1295,0,0,0,260,37,624,0,0,0,0,0,0,0,0,0,287,104,676,75,15,248,24,4,217,0,0,0,0,0,0
2,2005,404,'610910012',220,NO,KG,147627,25850,665775,13979,2379,72033,25660,4740,101733,39383,6745,172746,19577,3261,90380,6851,1034,27595,4593,1258,25346,7359,1242,51224,9936,1501,22578,7929,1397,25311,3310,597,22919,2048,335,18111,7002,1361,35799
2,2005,404,'610910012',222,NO,KG,110,10,291,0,0,0,0,0,0,0,0,0,0,0,0,0,0,0,0,0,0,110,10,291,0,0,0,0,0,0,0,0,0,0,0,0,0,0,0
2,2005,404,'610910012',225,NO,KG,902,120,3029,0,0,0,0,0,0,0,0,0,166,22,650,0,0,0,283,37,1005,85,8,242,0,0,0,308,46,862,0,0,0,60,7,270,0,0,0
2,2005,404,'610910012',229,NO,KG,253,47,842,0,0,0,253,47,842,0,0,0,0,0,0,0,0,0,0,0,0,0,0,0,0,0,0,0,0,0,0,0,0,0,0,0,0,0,0
2,2005,404,'610910012',230,NO,KG,11264,2084,25824,1585,391,6434,2725,479,5007,758,150,1181,0,0,0,0,0,0,300,54,376,1585,202,2029,1002,227,2839,1875,432,4985,0,0,0,0,0,0,1434,149,2973
2,2005,404,'610910012',231,NO,KG,2160,258,395,0,0,0,0,0,0,0,0,0,0,0,0,0,0,0,2160,258,395,0,0,0,0,0,0,0,0,0,0,0,0,0,0,0,0,0,0
2,2005,404,'610910012',232,NO,KG,3220,499,6723,0,0,0,0,0,0,0,0,0,0,0,0,542,82,1646,0,0,0,0,0,0,1790,302,3717,0,0,0,0,0,0,348,41,535,540,74,825
2,2005,404,'610910012',234,NO,KG,55992,9561,77388,9232,1592,12410,7661,1581,11464,18860,3087,26658,2950,458,2760,2751,506,3979,2902,537,3017,1728,213,3476,1590,342,3391,1063,287,1770,464,65,212,994,109,1450,5797,784,6801
2,2005,404,'610910012',239,NO,KG,1721,301,3503,0,0,0,210,25,274,738,130,1487,0,0,0,645,96,1511,128,50,231,0,0,0,0,0,0,0,0,0,0,0,0,0,0,0,0,0,0
2,2005,404,'610910012',240,NO,KG,60,12,305,0,0,0,0,0,0,0,0,0,0,0,0,0,0,0,0,0,0,0,0,0,0,0,0,0,0,0,0,0,0,0,0,0,60,12,305
2,2005,404,'610910012',243,NO,KG,245,39,1276,0,0,0,0,0,0,0,0,0,0,0,0,0,0,0,0,0,0,177,26,989,68,13,287,0,0,0,0,0,0,0,0,0,0,0,0
2,2005,404,'610910012',302,NO,KG,3866,636,4898,369,55,442,560,83,887,1339,272,1491,0,0,0,578,113,877,0,0,0,0,0,0,511,60,629,509,53,572,0,0,0,0,0,0,0,0,0
2,2005,404,'610910012',304,NO,KG,375923,63217,512803,28105,4641,35936,58404,10171,56193,52892,8745,65370,55344,9191,72234,50267,8346,59067,28558,4668,40013,19362,2969,31731,27032,4722,46644,13856,2455,24738,12849,2431,25460,8183,1397,15788,21071,3481,39629
2,2005,404,'610910012',305,NO,KG,27894,5164,30983,2700,738,2855,1800,214,2384,9475,1553,9949,6716,1268,6699,3066,508,3275,401,109,665,0,0,0,1012,156,1446,1326,400,1105,111,30,211,657,94,1200,630,94,1194
2,2005,404,'610910012',306,NO,KG,1858,353,2065,0,0,0,0,0,0,370,56,703,480,59,435,672,210,613,0,0,0,0,0,0,0,0,0,0,0,0,0,0,0,0,0,0,336,28,314
2,2005,404,'610910012',307,NO,KG,15725,2935,19740,2020,291,2244,2697,557,3119,2687,489,4485,3864,743,4511,1105,220,1689,1196,176,1527,384,76,311,1217,278,948,0,0,0,0,0,0,0,0,0,555,105,906
2,2005,404,'610910012',309,NO,KG,2137,435,3067,1015,178,1046,0,0,0,0,0,0,370,56,405,258,73,375,118,29,211,0,0,0,0,0,0,0,0,0,224,54,548,0,0,0,152,45,482
2,2005,404,'610910012',311,NO,KG,239,47,246,0,0,0,0,0,0,0,0,0,0,0,0,0,0,0,0,0,0,239,47,246,0,0,0,0,0,0,0,0,0,0,0,0,0,0,0
2,2005,404,'610910012',322,NO,KG,1393,261,1247,0,0,0,0,0,0,817,151,484,0,0,0,329,43,280,247,67,483,0,0,0,0,0,0,0,0,0,0,0,0,0,0,0,0,0,0
2,2005,404,'610910012',323,NO,KG,2531,408,2234,0,0,0,834,191,812,670,98,525,860,94,687,0,0,0,0,0,0,0,0,0,0,0,0,0,0,0,167,25,210,0,0,0,0,0,0
2,2005,404,'610910012',401,NO,KG,991,234,1142,0,0,0,0,0,0,519,94,626,0,0,0,472,140,516,0,0,0,0,0,0,0,0,0,0,0,0,0,0,0,0,0,0,0,0,0
2,2005,404,'610910012',406,NO,KG,456,82,649,0,0,0,0,0,0,456,82,649,0,0,0,0,0,0,0,0,0,0,0,0,0,0,0,0,0,0,0,0,0,0,0,0,0,0,0
2,2005,404,'610910012',407,NO,KG,37709,3741,41327,3826,299,3462,10715,995,9248,6289,735,6942,9463,492,8750,0,0,0,2371,287,2785,144,14,316,2549,573,3122,0,0,0,260,39,877,823,133,2853,1269,174,2972
2,2005,404,'610910012',410,NO,KG,3093,573,3814,0,0,0,55,7,277,172,44,210,603,61,381,1500,330,1722,278,41,506,0,0,0,485,90,718,0,0,0,0,0,0,0,0,0,0,0,0
2,2005,404,'610910012',501,NO,KG,4000,717,2690,0,0,0,0,0,0,0,0,0,4000,717,2690,0,0,0,0,0,0,0,0,0,0,0,0,0,0,0,0,0,0,0,0,0,0,0,0
2,2005,404,'610910012',504,NO,KG,2459,385,9346,0,0,0,0,0,0,0,0,0,0,0,0,0,0,0,0,0,0,979,149,3631,0,0,0,0,0,0,0,0,0,1480,236,5715,0,0,0
2,2005,404,'610910012',506,NO,KG,484,70,766,0,0,0,0,0,0,0,0,0,0,0,0,0,0,0,0,0,0,0,0,0,484,70,766,0,0,0,0,0,0,0,0,0,0,0,0
2,2005,404,'610910012',601,NO,KG,905,208,2229,0,0,0,0,0,0,0,0,0,143,33,251,468,124,972,55,24,249,0,0,0,0,0,0,0,0,0,0,0,0,239,27,757,0,0,0
2,2005,404,'610910012',620,NO,KG,1059,200,366,0,0,0,0,0,0,0,0,0,0,0,0,0,0,0,0,0,0,1059,200,366,0,0,0,0,0,0,0,0,0,0,0,0,0,0,0
2,2005,404,'610910020',103,NO,KG,9170,1324,7029,0,0,0,0,0,0,790,190,460,1829,268,1248,1615,184,1413,2761,327,1620,0,0,0,0,0,0,1000,171,569,157,24,249,0,0,0,1018,160,1470
2,2005,404,'610910020',105,NO,KG,1200259,166019,370170,44239,6989,10837,148525,25382,41871,306707,42274,84260,181287,22607,53274,86936,11686,28581,65960,9701,23674,75128,8093,23002,57701,7708,19874,46714,6938,13826,37811,5923,15964,39630,5059,14854,109621,13659,40153
2,2005,404,'610910020',108,NO,KG,3565,397,1550,0,0,0,0,0,0,0,0,0,3565,397,1550,0,0,0,0,0,0,0,0,0,0,0,0,0,0,0,0,0,0,0,0,0,0,0,0
2,2005,404,'610910020',110,NO,KG,64484,7548,12919,0,0,0,0,0,0,20846,2149,3186,17920,2113,2735,4480,426,596,4000,405,750,0,0,0,642,179,355,556,29,261,3656,245,1272,11664,1930,3547,720,72,217
2,2005,404,'610910020',111,NO,KG,469856,66727,182541,7011,976,3346,14934,1811,6953,110994,20211,40639,110399,15612,46579,69506,8646,25428,50372,5936,22114,17462,2015,7938,32326,4454,10000,26550,3498,7661,18456,2144,6852,6186,696,2027,5660,728,3004
2,2005,404,'610910020',118,NO,KG,1854,248,1081,414,70,483,0,0,0,1440,178,598,0,0,0,0,0,0,0,0,0,0,0,0,0,0,0,0,0,0,0,0,0,0,0,0,0,0,0
2,2005,404,'610910020',123,NO,KG,130296,22219,38144,0,0,0,2480,160,360,8329,1538,2033,18636,2140,5718,6290,822,1792,27890,3683,5704,5871,1057,2824,0,0,0,0,0,0,0,0,0,11720,2299,3618,49080,10520,16095
2,2005,404,'610910020',124,NO,KG,349,73,443,0,0,0,0,0,0,0,0,0,0,0,0,0,0,0,349,73,443,0,0,0,0,0,0,0,0,0,0,0,0,0,0,0,0,0,0
2,2005,404,'610910020',129,NO,KG,400,108,540,0,0,0,0,0,0,0,0,0,0,0,0,0,0,0,0,0,0,56,12,207,344,96,333,0,0,0,0,0,0,0,0,0,0,0,0
2,2005,404,'610910020',143,NO,KG,1044,135,1364,0,0,0,0,0,0,0,0,0,204,35,313,0,0,0,0,0,0,0,0,0,0,0,0,840,100,1051,0,0,0,0,0,0,0,0,0
2,2005,404,'610910020',156,NO,KG,2517,194,515,0,0,0,0,0,0,0,0,0,2517,194,515,0,0,0,0,0,0,0,0,0,0,0,0,0,0,0,0,0,0,0,0,0,0,0,0
2,2005,404,'610910020',204,NO,KG,546,107,475,0,0,0,0,0,0,0,0,0,0,0,0,0,0,0,500,100,272,0,0,0,46,7,203,0,0,0,0,0,0,0,0,0,0,0,0
2,2005,404,'610910020',205,NO,KG,28627,2943,35241,0,0,0,25318,2666,29278,2768,223,3925,297,21,414,0,0,0,0,0,0,0,0,0,0,0,0,244,33,1624,0,0,0,0,0,0,0,0,0
2,2005,404,'610910020',207,NO,KG,132,46,649,132,46,649,0,0,0,0,0,0,0,0,0,0,0,0,0,0,0,0,0,0,0,0,0,0,0,0,0,0,0,0,0,0,0,0,0
2,2005,404,'610910020',208,NO,KG,23516,3266,35330,0,0,0,15933,1627,21832,32,4,249,0,0,0,0,0,0,0,0,0,3232,470,4987,4319,1165,8262,0,0,0,0,0,0,0,0,0,0,0,0
2,2005,404,'610910020',210,NO,KG,5866,874,8873,710,120,519,1191,204,2569,1214,147,2354,371,76,871,726,61,535,0,0,0,138,30,439,0,0,0,213,80,619,1303,156,967,0,0,0,0,0,0
2,2005,404,'610910020',213,NO,KG,22628,2521,30817,1302,120,2170,2180,100,1964,4223,488,6802,3979,318,5137,2677,144,2822,3249,440,2442,2120,145,1257,148,15,299,1653,472,4847,541,198,2133,100,34,311,456,47,633
2,2005,404,'610910020',215,NO,KG,160,22,279,0,0,0,0,0,0,160,22,279,0,0,0,0,0,0,0,0,0,0,0,0,0,0,0,0,0,0,0,0,0,0,0,0,0,0,0
2,2005,404,'610910020',217,NO,KG,7274,1123,7639,2727,385,2287,264,79,223,0,0,0,284,56,284,2276,341,1869,0,0,0,0,0,0,594,153,1023,0,0,0,620,62,1104,0,0,0,509,47,849
2,2005,404,'610910020',220,NO,KG,30198,4917,88495,3686,677,9799,4487,611,12446,3095,426,10353,4642,680,11039,327,66,1489,3131,392,6330,1797,342,6291,1012,182,4905,2432,397,7543,1406,224,4033,563,122,3230,3620,798,11037
2,2005,404,'610910020',225,NO,KG,30,6,248,0,0,0,0,0,0,0,0,0,0,0,0,0,0,0,30,6,248,0,0,0,0,0,0,0,0,0,0,0,0,0,0,0,0,0,0
2,2005,404,'610910020',227,NO,KG,290,29,456,0,0,0,0,0,0,0,0,0,0,0,0,0,0,0,0,0,0,0,0,0,0,0,0,0,0,0,290,29,456,0,0,0,0,0,0
2,2005,404,'610910020',234,NO,KG,925,123,844,155,16,255,0,0,0,0,0,0,244,26,211,0,0,0,0,0,0,526,81,378,0,0,0,0,0,0,0,0,0,0,0,0,0,0,0
2,2005,404,'610910020',302,NO,KG,1757,313,1346,0,0,0,0,0,0,0,0,0,1757,313,1346,0,0,0,0,0,0,0,0,0,0,0,0,0,0,0,0,0,0,0,0,0,0,0,0
2,2005,404,'610910020',304,NO,KG,272554,45389,142617,25460,3440,11187,23313,4486,13381,38367,6593,20674,30525,4876,13220,35077,6028,16648,26645,3393,11550,26533,4499,13995,22875,3277,12750,8670,1607,4224,16553,3667,9577,8467,1109,7775,10069,2414,7636
2,2005,404,'610910020',305,NO,KG,1768,328,666,0,0,0,0,0,0,0,0,0,1254,251,462,0,0,0,0,0,0,0,0,0,514,77,204,0,0,0,0,0,0,0,0,0,0,0,0
2,2005,404,'610910020',307,NO,KG,11112,2054,3092,3528,700,858,5568,994,1718,0,0,0,0,0,0,0,0,0,0,0,0,2016,360,516,0,0,0,0,0,0,0,0,0,0,0,0,0,0,0
2,2005,404,'610910020',309,NO,KG,1543,381,2076,0,0,0,0,0,0,0,0,0,0,0,0,0,0,0,1543,381,2076,0,0,0,0,0,0,0,0,0,0,0,0,0,0,0,0,0,0
2,2005,404,'610910020',310,NO,KG,4032,760,1101,1224,200,340,2808,560,761,0,0,0,0,0,0,0,0,0,0,0,0,0,0,0,0,0,0,0,0,0,0,0,0,0,0,0,0,0,0
2,2005,404,'610910020',322,NO,KG,3168,600,832,1512,300,374,1656,300,458,0,0,0,0,0,0,0,0,0,0,0,0,0,0,0,0,0,0,0,0,0,0,0,0,0,0,0,0,0,0
2,2005,404,'610910020',323,NO,KG,1493,263,1347,0,0,0,847,159,716,0,0,0,430,64,419,0,0,0,0,0,0,0,0,0,0,0,0,216,40,212,0,0,0,0,0,0,0,0,0
2,2005,404,'610910020',401,NO,KG,246,49,297,0,0,0,0,0,0,0,0,0,0,0,0,0,0,0,246,49,297,0,0,0,0,0,0,0,0,0,0,0,0,0,0,0,0,0,0
2,2005,404,'610910020',407,NO,KG,104,22,442,0,0,0,104,22,442,0,0,0,0,0,0,0,0,0,0,0,0,0,0,0,0,0,0,0,0,0,0,0,0,0,0,0,0,0,0
2,2005,404,'610910020',506,NO,KG,222,45,296,0,0,0,0,0,0,222,45,296,0,0,0,0,0,0,0,0,0,0,0,0,0,0,0,0,0,0,0,0,0,0,0,0,0,0,0
2,2005,404,'610910020',627,NO,KG,420,83,1052,0,0,0,0,0,0,0,0,0,270,46,454,0,0,0,0,0,0,150,37,598,0,0,0,0,0,0,0,0,0,0,0,0,0,0,0
2,2005,404,'610990011',210,NO,KG,405,50,2177,0,0,0,0,0,0,0,0,0,0,0,0,0,0,0,0,0,0,405,50,2177,0,0,0,0,0,0,0,0,0,0,0,0,0,0,0
2,2005,404,'610990011',220,NO,KG,58,8,309,0,0,0,0,0,0,0,0,0,0,0,0,0,0,0,0,0,0,58,8,309,0,0,0,0,0,0,0,0,0,0,0,0,0,0,0
2,2005,404,'610990011',407,NO,KG,75,21,353,0,0,0,0,0,0,0,0,0,0,0,0,0,0,0,0,0,0,0,0,0,0,0,0,0,0,0,75,21,353,0,0,0,0,0,0
2,2005,404,'610990012',103,NO,KG,29486,4451,24363,0,0,0,0,0,0,1239,204,242,2810,429,1491,9301,1287,8264,3513,463,3477,2936,489,2063,2963,388,3152,2173,240,2490,3112,663,1791,1439,288,1393,0,0,0
2,2005,404,'610990012',105,NO,KG,132125,20220,64756,3212,617,1708,7102,1053,4676,19510,3110,11150,18971,2712,8205,11753,1824,7989,30201,5203,12418,3240,497,2208,5978,1135,3929,10002,1366,4872,837,111,464,5758,1327,2124,15561,1265,5013
2,2005,404,'610990012',110,NO,KG,3130,426,1807,0,0,0,0,0,0,0,0,0,0,0,0,0,0,0,0,0,0,2000,237,1158,1130,189,649,0,0,0,0,0,0,0,0,0,0,0,0
2,2005,404,'610990012',111,NO,KG,20790,4167,11909,0,0,0,0,0,0,1567,403,534,2190,421,543,0,0,0,0,0,0,2400,425,283,1155,84,570,7751,1606,8708,3837,862,909,0,0,0,1890,366,362
2,2005,404,'610990012',118,NO,KG,37291,5380,23011,3701,485,1773,0,0,0,23725,3447,14725,6947,966,4295,444,68,327,0,0,0,2474,414,1891,0,0,0,0,0,0,0,0,0,0,0,0,0,0,0
2,2005,404,'610990012',123,NO,KG,704,105,938,0,0,0,0,0,0,0,0,0,0,0,0,0,0,0,0,0,0,0,0,0,0,0,0,0,0,0,0,0,0,0,0,0,704,105,938
2,2005,404,'610990012',210,NO,KG,235,39,2047,0,0,0,25,4,226,77,11,1054,94,9,257,0,0,0,0,0,0,0,0,0,0,0,0,39,15,510,0,0,0,0,0,0,0,0,0
2,2005,404,'610990012',217,NO,KG,474,71,306,0,0,0,0,0,0,0,0,0,0,0,0,0,0,0,0,0,0,0,0,0,0,0,0,0,0,0,0,0,0,474,71,306,0,0,0
2,2005,404,'610990012',218,NO,KG,1535,202,2787,0,0,0,0,0,0,1099,140,1959,0,0,0,0,0,0,0,0,0,0,0,0,0,0,0,294,40,619,0,0,0,142,22,209,0,0,0
2,2005,404,'610990012',220,NO,KG,3385,566,12168,0,0,0,644,71,2124,987,153,2857,0,0,0,260,56,1071,0,0,0,624,93,1784,146,29,1011,276,54,991,118,32,606,46,13,209,284,65,1515
2,2005,404,'610990012',227,NO,KG,201,30,320,0,0,0,0,0,0,0,0,0,0,0,0,0,0,0,0,0,0,0,0,0,0,0,0,0,0,0,0,0,0,0,0,0,201,30,320
2,2005,404,'610990012',231,NO,KG,1767,274,2538,1767,274,2538,0,0,0,0,0,0,0,0,0,0,0,0,0,0,0,0,0,0,0,0,0,0,0,0,0,0,0,0,0,0,0,0,0
2,2005,404,'610990012',232,NO,KG,682,129,1682,0,0,0,0,0,0,0,0,0,0,0,0,0,0,0,0,0,0,0,0,0,0,0,0,334,65,876,348,64,806,0,0,0,0,0,0
2,2005,404,'610990012',234,NO,KG,1348,307,1639,0,0,0,0,0,0,78,15,227,0,0,0,0,0,0,1270,292,1412,0,0,0,0,0,0,0,0,0,0,0,0,0,0,0,0,0,0
2,2005,404,'610990012',240,NO,KG,109,18,353,0,0,0,0,0,0,0,0,0,0,0,0,109,18,353,0,0,0,0,0,0,0,0,0,0,0,0,0,0,0,0,0,0,0,0,0
2,2005,404,'610990012',304,NO,KG,618,57,878,0,0,0,0,0,0,0,0,0,0,0,0,0,0,0,0,0,0,0,0,0,0,0,0,500,45,550,0,0,0,0,0,0,118,12,328
2,2005,404,'610990012',307,NO,KG,1837,459,1450,0,0,0,1837,459,1450,0,0,0,0,0,0,0,0,0,0,0,0,0,0,0,0,0,0,0,0,0,0,0,0,0,0,0,0,0,0
2,2005,404,'610990012',407,NO,KG,1331,227,1201,0,0,0,0,0,0,0,0,0,0,0,0,0,0,0,0,0,0,900,107,784,431,120,417,0,0,0,0,0,0,0,0,0,0,0,0
2,2005,404,'610990012',504,NO,KG,200,35,370,0,0,0,0,0,0,0,0,0,0,0,0,0,0,0,0,0,0,0,0,0,0,0,0,0,0,0,200,35,370,0,0,0,0,0,0
2,2005,404,'610990013',103,NO,KG,8900,1272,7271,0,0,0,0,0,0,0,0,0,0,0,0,6269,927,4657,1917,240,1938,0,0,0,0,0,0,291,43,415,423,62,261,0,0,0,0,0,0
2,2005,404,'610990013',105,NO,KG,48208,4314,18875,0,0,0,0,0,0,654,151,981,0,0,0,3180,503,1471,1800,229,480,0,0,0,546,63,263,2854,267,1791,0,0,0,1280,138,896,37894,2963,12993
2,2005,404,'610990013',110,NO,KG,697,87,1033,0,0,0,0,0,0,281,32,451,416,55,582,0,0,0,0,0,0,0,0,0,0,0,0,0,0,0,0,0,0,0,0,0,0,0,0
2,2005,404,'610990013',111,NO,KG,308,44,228,0,0,0,0,0,0,0,0,0,308,44,228,0,0,0,0,0,0,0,0,0,0,0,0,0,0,0,0,0,0,0,0,0,0,0,0
2,2005,404,'610990013',123,NO,KG,100,15,259,0,0,0,0,0,0,0,0,0,0,0,0,0,0,0,0,0,0,0,0,0,0,0,0,100,15,259,0,0,0,0,0,0,0,0,0
2,2005,404,'610990013',210,NO,KG,979,158,2631,0,0,0,216,31,1166,66,6,612,168,16,434,0,0,0,0,0,0,529,105,419,0,0,0,0,0,0,0,0,0,0,0,0,0,0,0
2,2005,404,'610990013',217,NO,KG,494,89,793,0,0,0,19,4,221,0,0,0,0,0,0,0,0,0,0,0,0,0,0,0,0,0,0,0,0,0,458,82,331,0,0,0,17,3,241
2,2005,404,'610990013',220,NO,KG,6179,1154,26114,182,38,517,1232,205,7324,2317,433,8955,900,159,3517,82,9,207,0,0,0,408,91,1890,734,146,833,208,44,2166,0,0,0,60,15,276,56,14,429
2,2005,404,'610990013',230,NO,KG,55,11,352,0,0,0,0,0,0,0,0,0,0,0,0,0,0,0,0,0,0,0,0,0,0,0,0,0,0,0,0,0,0,0,0,0,55,11,352
2,2005,404,'610990013',231,NO,KG,410,90,974,0,0,0,0,0,0,410,90,974,0,0,0,0,0,0,0,0,0,0,0,0,0,0,0,0,0,0,0,0,0,0,0,0,0,0,0
2,2005,404,'610990013',232,NO,KG,48,11,261,0,0,0,0,0,0,48,11,261,0,0,0,0,0,0,0,0,0,0,0,0,0,0,0,0,0,0,0,0,0,0,0,0,0,0,0
2,2005,404,'610990013',234,NO,KG,468,75,1224,0,0,0,400,55,860,0,0,0,0,0,0,0,0,0,0,0,0,68,20,364,0,0,0,0,0,0,0,0,0,0,0,0,0,0,0
2,2005,404,'610990013',410,NO,KG,36,6,303,0,0,0,0,0,0,36,6,303,0,0,0,0,0,0,0,0,0,0,0,0,0,0,0,0,0,0,0,0,0,0,0,0,0,0,0
2,2005,404,'610990014',103,NO,KG,285,34,243,0,0,0,0,0,0,0,0,0,0,0,0,0,0,0,285,34,243,0,0,0,0,0,0,0,0,0,0,0,0,0,0,0,0,0,0
2,2005,404,'610990014',105,NO,KG,1861,149,1526,0,0,0,400,48,568,0,0,0,0,0,0,0,0,0,0,0,0,1440,99,693,21,2,265,0,0,0,0,0,0,0,0,0,0,0,0
2,2005,404,'610990014',108,NO,KG,111,20,301,0,0,0,0,0,0,111,20,301,0,0,0,0,0,0,0,0,0,0,0,0,0,0,0,0,0,0,0,0,0,0,0,0,0,0,0
2,2005,404,'610990014',210,NO,KG,107,10,378,0,0,0,0,0,0,0,0,0,107,10,378,0,0,0,0,0,0,0,0,0,0,0,0,0,0,0,0,0,0,0,0,0,0,0,0
2,2005,404,'610990014',215,NO,KG,60,9,827,0,0,0,40,4,481,0,0,0,0,0,0,0,0,0,0,0,0,0,0,0,20,5,346,0,0,0,0,0,0,0,0,0,0,0,0
2,2005,404,'610990014',220,NO,KG,260,42,2378,22,2,239,73,12,892,50,5,223,0,0,0,0,0,0,0,0,0,0,0,0,115,23,1024,0,0,0,0,0,0,0,0,0,0,0,0
2,2005,404,'610990016',103,NO,KG,34866,5124,22146,1132,193,1782,0,0,0,1037,220,690,2450,236,1846,12214,1423,6769,7128,993,4496,5441,1160,3064,2193,395,1394,1070,167,1026,1102,152,330,905,156,457,194,29,292
2,2005,404,'610990016',105,NO,KG,120314,20682,52569,7457,1467,2592,16729,2949,9224,15067,2520,7957,11490,1551,4639,5036,813,1628,23086,3614,6112,14092,2100,6341,5740,919,2719,6569,1309,3855,9236,2344,5351,1585,355,619,4227,741,1532
2,2005,404,'610990016',106,NO,KG,1251,194,962,0,0,0,0,0,0,0,0,0,1251,194,962,0,0,0,0,0,0,0,0,0,0,0,0,0,0,0,0,0,0,0,0,0,0,0,0
2,2005,404,'610990016',108,NO,KG,4861,1015,1725,249,25,288,0,0,0,0,0,0,4612,990,1437,0,0,0,0,0,0,0,0,0,0,0,0,0,0,0,0,0,0,0,0,0,0,0,0
2,2005,404,'610990016',110,NO,KG,1236,176,379,0,0,0,0,0,0,0,0,0,0,0,0,0,0,0,0,0,0,0,0,0,1236,176,379,0,0,0,0,0,0,0,0,0,0,0,0
2,2005,404,'610990016',111,NO,KG,11447,3174,5826,1892,283,562,0,0,0,1310,246,792,1674,345,899,3460,883,2169,0,0,0,0,0,0,0,0,0,1670,290,275,641,946,909,800,181,220,0,0,0
2,2005,404,'610990016',118,NO,KG,228,61,205,0,0,0,0,0,0,0,0,0,0,0,0,0,0,0,0,0,0,0,0,0,0,0,0,228,61,205,0,0,0,0,0,0,0,0,0
2,2005,404,'610990016',123,NO,KG,1221,225,2017,0,0,0,0,0,0,0,0,0,0,0,0,0,0,0,0,0,0,0,0,0,1159,200,1792,0,0,0,0,0,0,0,0,0,62,25,225
2,2005,404,'610990016',143,NO,KG,204,32,261,0,0,0,0,0,0,0,0,0,0,0,0,0,0,0,0,0,0,0,0,0,204,32,261,0,0,0,0,0,0,0,0,0,0,0,0
2,2005,404,'610990016',144,NO,KG,420,72,381,0,0,0,420,72,381,0,0,0,0,0,0,0,0,0,0,0,0,0,0,0,0,0,0,0,0,0,0,0,0,0,0,0,0,0,0
2,2005,404,'610990016',210,NO,KG,129,25,735,0,0,0,59,11,481,0,0,0,0,0,0,0,0,0,0,0,0,0,0,0,70,14,254,0,0,0,0,0,0,0,0,0,0,0,0
2,2005,404,'610990016',213,NO,KG,153,33,333,0,0,0,0,0,0,0,0,0,0,0,0,0,0,0,0,0,0,0,0,0,0,0,0,153,33,333,0,0,0,0,0,0,0,0,0
2,2005,404,'610990016',217,NO,KG,300,50,227,0,0,0,0,0,0,0,0,0,0,0,0,300,50,227,0,0,0,0,0,0,0,0,0,0,0,0,0,0,0,0,0,0,0,0,0
2,2005,404,'610990016',218,NO,KG,596,183,1879,148,44,420,0,0,0,0,0,0,0,0,0,160,53,614,0,0,0,0,0,0,0,0,0,0,0,0,0,0,0,0,0,0,288,86,845
2,2005,404,'610990016',220,NO,KG,9146,1602,27314,936,124,1369,1364,260,5059,1220,232,4267,819,99,2835,110,19,637,792,96,1025,288,48,1455,1328,269,3951,1676,349,5045,498,86,1066,115,20,605,0,0,0
2,2005,404,'610990016',231,NO,KG,936,174,2036,0,0,0,0,0,0,0,0,0,0,0,0,600,120,1044,0,0,0,0,0,0,0,0,0,33,6,253,0,0,0,0,0,0,303,48,739
2,2005,404,'610990016',234,NO,KG,570,159,559,0,0,0,350,65,328,0,0,0,0,0,0,0,0,0,0,0,0,220,94,231,0,0,0,0,0,0,0,0,0,0,0,0,0,0,0
2,2005,404,'610990016',240,NO,KG,485,83,1326,0,0,0,0,0,0,0,0,0,0,0,0,485,83,1326,0,0,0,0,0,0,0,0,0,0,0,0,0,0,0,0,0,0,0,0,0
2,2005,404,'610990016',302,NO,KG,149,22,261,0,0,0,149,22,261,0,0,0,0,0,0,0,0,0,0,0,0,0,0,0,0,0,0,0,0,0,0,0,0,0,0,0,0,0,0
2,2005,404,'610990016',304,NO,KG,23742,2498,36322,978,134,1549,394,51,552,1057,121,1009,1119,120,1767,463,113,719,5278,448,6640,1662,210,3186,2657,244,2699,1188,116,1981,494,49,1051,5362,506,9046,3090,386,6123
2,2005,404,'610990016',305,NO,KG,210,21,278,0,0,0,0,0,0,0,0,0,0,0,0,0,0,0,0,0,0,0,0,0,0,0,0,0,0,0,0,0,0,210,21,278,0,0,0
2,2005,404,'610990016',307,NO,KG,204,40,218,0,0,0,0,0,0,0,0,0,0,0,0,204,40,218,0,0,0,0,0,0,0,0,0,0,0,0,0,0,0,0,0,0,0,0,0
2,2005,404,'610990016',410,NO,KG,300,60,480,0,0,0,0,0,0,0,0,0,0,0,0,300,60,480,0,0,0,0,0,0,0,0,0,0,0,0,0,0,0,0,0,0,0,0,0
2,2005,404,'610990017',103,NO,KG,5428,786,3716,0,0,0,0,0,0,0,0,0,1963,296,977,1655,251,1077,1388,194,756,165,24,328,0,0,0,0,0,0,0,0,0,0,0,0,257,21,578
2,2005,404,'610990017',105,NO,KG,29022,3315,19376,3218,482,555,0,0,0,1561,285,1529,1624,180,2257,0,0,0,246,29,510,0,0,0,2581,289,1680,6652,763,4475,4470,405,2717,7150,739,4767,1520,143,886
2,2005,404,'610990017',111,NO,KG,251,57,206,0,0,0,0,0,0,251,57,206,0,0,0,0,0,0,0,0,0,0,0,0,0,0,0,0,0,0,0,0,0,0,0,0,0,0,0
2,2005,404,'610990017',123,NO,KG,2161,242,982,0,0,0,124,22,330,0,0,0,0,0,0,2037,220,652,0,0,0,0,0,0,0,0,0,0,0,0,0,0,0,0,0,0,0,0,0
2,2005,404,'610990017',208,NO,KG,126,16,801,0,0,0,0,0,0,126,16,801,0,0,0,0,0,0,0,0,0,0,0,0,0,0,0,0,0,0,0,0,0,0,0,0,0,0,0
2,2005,404,'610990017',210,NO,KG,4253,531,10514,0,0,0,146,33,941,1253,139,3235,1136,103,2732,0,0,0,943,144,1401,0,0,0,306,45,913,199,19,584,0,0,0,0,0,0,270,48,708
2,2005,404,'610990017',217,NO,KG,901,134,1155,0,0,0,0,0,0,0,0,0,0,0,0,0,0,0,0,0,0,556,69,327,0,0,0,0,0,0,0,0,0,0,0,0,345,65,828
2,2005,404,'610990017',220,NO,KG,10501,1796,42541,307,83,2338,4338,746,13108,2823,401,8291,460,75,2904,514,94,3296,132,24,1220,117,22,806,1117,212,7199,269,48,1404,274,57,985,21,4,242,129,30,748
2,2005,404,'610990017',230,NO,KG,66,12,275,66,12,275,0,0,0,0,0,0,0,0,0,0,0,0,0,0,0,0,0,0,0,0,0,0,0,0,0,0,0,0,0,0,0,0,0
2,2005,404,'610990017',231,NO,KG,98,24,601,0,0,0,0,0,0,0,0,0,0,0,0,0,0,0,0,0,0,0,0,0,0,0,0,0,0,0,0,0,0,0,0,0,98,24,601
2,2005,404,'610990017',232,NO,KG,94,19,570,0,0,0,0,0,0,0,0,0,0,0,0,0,0,0,0,0,0,0,0,0,0,0,0,0,0,0,0,0,0,0,0,0,94,19,570
2,2005,404,'610990017',234,NO,KG,529,94,778,0,0,0,300,54,278,0,0,0,0,0,0,0,0,0,0,0,0,0,0,0,229,40,500,0,0,0,0,0,0,0,0,0,0,0,0
2,2005,404,'610990017',244,NO,KG,54,12,330,0,0,0,0,0,0,0,0,0,0,0,0,0,0,0,0,0,0,0,0,0,0,0,0,54,12,330,0,0,0,0,0,0,0,0,0
2,2005,404,'610990017',304,NO,KG,258,43,1076,0,0,0,0,0,0,0,0,0,0,0,0,258,43,1076,0,0,0,0,0,0,0,0,0,0,0,0,0,0,0,0,0,0,0,0,0
2,2005,404,'610990017',410,NO,KG,20,3,207,0,0,0,0,0,0,0,0,0,0,0,0,0,0,0,0,0,0,0,0,0,20,3,207,0,0,0,0,0,0,0,0,0,0,0,0
2,2005,404,'610990017',601,NO,KG,522,74,1839,0,0,0,0,0,0,0,0,0,0,0,0,0,0,0,344,45,1115,0,0,0,65,11,256,113,18,468,0,0,0,0,0,0,0,0,0
2,2005,404,'610990019',105,NO,KG,12243,2695,7260,0,0,0,655,131,510,3856,594,2111,4710,1643,2582,1433,150,1122,0,0,0,0,0,0,1589,177,935,0,0,0,0,0,0,0,0,0,0,0,0
2,2005,404,'610990019',210,NO,KG,135,13,709,0,0,0,0,0,0,0,0,0,0,0,0,0,0,0,0,0,0,0,0,0,0,0,0,135,13,709,0,0,0,0,0,0,0,0,0
2,2005,404,'610990019',213,NO,KG,91,78,1079,0,0,0,0,0,0,91,78,1079,0,0,0,0,0,0,0,0,0,0,0,0,0,0,0,0,0,0,0,0,0,0,0,0,0,0,0
2,2005,404,'610990019',215,NO,KG,96,17,1736,0,0,0,0,0,0,0,0,0,0,0,0,0,0,0,0,0,0,0,0,0,0,0,0,96,17,1736,0,0,0,0,0,0,0,0,0
2,2005,404,'610990019',220,NO,KG,1096,173,6259,67,6,238,0,0,0,119,14,1597,0,0,0,0,0,0,0,0,0,0,0,0,852,139,4185,0,0,0,0,0,0,0,0,0,58,14,239
2,2005,404,'610990019',304,NO,KG,142,28,302,0,0,0,0,0,0,142,28,302,0,0,0,0,0,0,0,0,0,0,0,0,0,0,0,0,0,0,0,0,0,0,0,0,0,0,0
2,2005,404,'610990019',601,NO,KG,80,11,504,0,0,0,0,0,0,0,0,0,0,0,0,0,0,0,0,0,0,80,11,504,0,0,0,0,0,0,0,0,0,0,0,0,0,0,0
2,2005,404,'610990021',103,NO,KG,4530,569,3647,0,0,0,368,42,467,0,0,0,953,139,448,1891,255,1745,0,0,0,530,65,212,520,28,500,268,40,275,0,0,0,0,0,0,0,0,0
2,2005,404,'610990021',105,NO,KG,1085977,122755,436262,69098,7377,24285,66256,6123,22579,115205,14112,46892,105723,14928,36591,17765,2593,6925,32800,4307,10233,67509,8338,28136,85563,9960,38956,84709,9521,35058,79185,8357,31990,136799,12449,51990,225365,24690,102627
2,2005,404,'610990021',106,NO,KG,4136,300,1591,0,0,0,0,0,0,0,0,0,0,0,0,0,0,0,0,0,0,0,0,0,0,0,0,0,0,0,4136,300,1591,0,0,0,0,0,0
2,2005,404,'610990021',108,NO,KG,435,123,241,0,0,0,0,0,0,0,0,0,0,0,0,0,0,0,0,0,0,0,0,0,0,0,0,435,123,241,0,0,0,0,0,0,0,0,0
2,2005,404,'610990021',110,NO,KG,16641,1257,10316,0,0,0,0,0,0,1582,135,457,0,0,0,0,0,0,0,0,0,0,0,0,0,0,0,3861,256,1770,8034,677,6144,3164,189,1945,0,0,0
2,2005,404,'610990021',111,NO,KG,334146,50083,158440,8430,1660,4670,11199,1761,5493,32316,5160,18342,24160,4410,11738,48113,6476,19335,44999,8586,25013,6713,1206,3866,18722,2320,6893,34799,4616,13052,31288,4306,14430,53650,6931,26424,19757,2651,9184
2,2005,404,'610990021',210,NO,KG,1018,159,4371,0,0,0,295,35,1339,85,8,265,0,0,0,0,0,0,0,0,0,132,24,379,0,0,0,506,92,2388,0,0,0,0,0,0,0,0,0
2,2005,404,'610990021',213,NO,KG,382,16,620,0,0,0,0,0,0,0,0,0,382,16,620,0,0,0,0,0,0,0,0,0,0,0,0,0,0,0,0,0,0,0,0,0,0,0,0
2,2005,404,'610990021',217,NO,KG,408,58,752,0,0,0,0,0,0,0,0,0,0,0,0,0,0,0,0,0,0,300,45,454,0,0,0,0,0,0,108,13,298,0,0,0,0,0,0
2,2005,404,'610990021',220,NO,KG,38699,6012,40855,0,0,0,720,92,1517,165,15,654,3159,252,1208,7826,1313,5767,3000,330,1874,2182,424,3027,1695,307,2070,8665,1548,9762,1508,323,1955,1564,178,1140,8215,1230,11881
2,2005,404,'610990021',225,NO,KG,1081,133,1197,363,41,384,0,0,0,0,0,0,0,0,0,0,0,0,247,27,230,0,0,0,0,0,0,0,0,0,297,41,375,174,24,208,0,0,0
2,2005,404,'610990021',304,NO,KG,3114,588,4302,0,0,0,0,0,0,862,197,695,0,0,0,324,77,290,0,0,0,606,126,266,501,102,804,376,46,1128,0,0,0,0,0,0,445,40,1119
2,2005,404,'610990021',407,NO,KG,611,73,536,0,0,0,0,0,0,0,0,0,0,0,0,0,0,0,0,0,0,611,73,536,0,0,0,0,0,0,0,0,0,0,0,0,0,0,0
2,2005,404,'610990029',105,NO,KG,188698,15456,107359,15770,964,7698,1455,350,1023,16872,1207,9284,20157,1613,9301,15050,1264,8314,26155,1874,12350,7785,889,5916,18427,1538,10165,30589,2510,16756,18069,1455,10463,1948,139,1180,16421,1653,14909
2,2005,404,'610990029',110,NO,KG,6091,368,4251,0,0,0,0,0,0,0,0,0,0,0,0,840,125,944,201,31,246,0,0,0,0,0,0,0,0,0,5050,212,3061,0,0,0,0,0,0
2,2005,404,'610990029',213,NO,KG,24270,2029,60502,3280,150,7129,0,0,0,2200,89,4733,2474,112,5466,2570,127,5593,1337,61,2773,0,0,0,914,74,2530,2327,241,7190,2713,322,7847,2659,351,7118,3796,502,10123
2,2005,404,'610990029',215,NO,KG,75,12,244,0,0,0,0,0,0,0,0,0,0,0,0,0,0,0,0,0,0,0,0,0,0,0,0,0,0,0,0,0,0,75,12,244,0,0,0
2,2005,404,'610990029',217,NO,KG,713,153,2415,0,0,0,0,0,0,0,0,0,0,0,0,0,0,0,0,0,0,0,0,0,617,140,2104,0,0,0,96,13,311,0,0,0,0,0,0
2,2005,404,'610990029',220,NO,KG,4322,471,18973,0,0,0,199,21,1530,410,73,2063,0,0,0,0,0,0,400,41,1493,1714,169,8147,1413,138,5458,0,0,0,0,0,0,186,29,282,0,0,0
2,2005,404,'610990029',304,NO,KG,4258,721,3677,0,0,0,0,0,0,2608,469,1908,1075,137,1169,0,0,0,0,0,0,0,0,0,0,0,0,0,0,0,0,0,0,575,115,600,0,0,0
2,2005,404,'611011010',103,NO,KG,2072,598,2499,0,0,0,0,0,0,0,0,0,0,0,0,0,0,0,0,0,0,0,0,0,212,37,376,0,0,0,1346,407,1893,514,154,230,0,0,0
2,2005,404,'611011010',105,NO,KG,1322488,354255,3073061,29405,10019,57771,5887,1601,13269,8618,2485,19006,9029,2211,24761,6805,1476,15056,10722,2335,29930,28701,6942,105579,126518,33290,407662,316982,86902,773541,370629,101530,809894,274226,71400,541232,134966,34064,275360
2,2005,404,'611011010',106,NO,KG,47,14,518,0,0,0,0,0,0,47,14,518,0,0,0,0,0,0,0,0,0,0,0,0,0,0,0,0,0,0,0,0,0,0,0,0,0,0,0
2,2005,404,'611011010',108,NO,KG,17327,3900,53921,284,72,964,975,192,2946,1750,350,5831,711,218,2474,764,177,3243,282,74,1648,448,75,1362,996,240,3835,2758,676,10790,3141,775,9865,4126,890,8121,1092,161,2842
2,2005,404,'611011010',110,NO,KG,43299,8737,114140,129,28,570,0,0,0,0,0,0,425,110,599,1554,351,7030,2348,502,7423,6212,1129,16022,7856,1488,18806,13833,2982,32554,9218,1787,25352,1724,360,5784,0,0,0
2,2005,404,'611011010',111,NO,KG,268,123,1235,0,0,0,0,0,0,0,0,0,0,0,0,0,0,0,0,0,0,0,0,0,43,27,753,0,0,0,0,0,0,225,96,482,0,0,0
2,2005,404,'611011010',113,NO,KG,5318,2040,9909,0,0,0,0,0,0,0,0,0,0,0,0,0,0,0,0,0,0,0,0,0,0,0,0,2778,1133,5757,144,57,321,0,0,0,2396,850,3831
2,2005,404,'611011010',123,NO,KG,2151,740,3847,0,0,0,0,0,0,0,0,0,0,0,0,0,0,0,0,0,0,0,0,0,30,6,308,1009,302,1285,929,356,1263,0,0,0,183,76,991
2,2005,404,'611011010',129,NO,KG,147,58,462,0,0,0,0,0,0,0,0,0,0,0,0,0,0,0,0,0,0,0,0,0,0,0,0,0,0,0,147,58,462,0,0,0,0,0,0
2,2005,404,'611011010',131,NO,KG,419,191,721,0,0,0,0,0,0,221,134,301,0,0,0,0,0,0,0,0,0,0,0,0,0,0,0,0,0,0,198,57,420,0,0,0,0,0,0
2,2005,404,'611011010',203,NO,KG,178,53,443,0,0,0,0,0,0,0,0,0,0,0,0,0,0,0,0,0,0,0,0,0,0,0,0,0,0,0,0,0,0,0,0,0,178,53,443
2,2005,404,'611011010',205,NO,KG,7431,2022,48559,80,21,543,18,4,223,218,63,1177,6,33,301,0,0,0,552,138,4130,1627,388,10995,2426,644,16182,1420,429,9773,501,135,3350,126,39,514,457,128,1371
2,2005,404,'611011010',206,NO,KG,2192,1023,12377,0,0,0,0,0,0,0,0,0,0,0,0,0,0,0,123,49,790,881,452,4384,124,64,817,730,335,4663,334,123,1723,0,0,0,0,0,0
2,2005,404,'611011010',207,NO,KG,108,27,339,0,0,0,0,0,0,0,0,0,0,0,0,0,0,0,0,0,0,0,0,0,0,0,0,0,0,0,108,27,339,0,0,0,0,0,0
2,2005,404,'611011010',208,NO,KG,787,276,10069,0,0,0,0,0,0,0,0,0,0,0,0,0,0,0,0,0,0,253,93,3684,297,80,2591,188,84,2967,49,19,827,0,0,0,0,0,0
2,2005,404,'611011010',210,NO,KG,3716,1164,37493,55,16,980,69,20,791,0,0,0,0,0,0,0,0,0,0,0,0,567,154,6780,1588,545,13009,1014,311,10168,303,83,5023,39,19,266,81,16,476
2,2005,404,'611011010',213,NO,KG,6,4,264,0,0,0,0,0,0,0,0,0,0,0,0,0,0,0,0,0,0,0,0,0,0,0,0,6,4,264,0,0,0,0,0,0,0,0,0
2,2005,404,'611011010',215,NO,KG,313,79,3945,128,17,1575,0,0,0,0,0,0,0,0,0,0,0,0,0,0,0,0,0,0,70,16,1412,0,0,0,115,46,958,0,0,0,0,0,0
2,2005,404,'611011010',217,NO,KG,369,109,2069,0,0,0,0,0,0,0,0,0,0,0,0,0,0,0,0,0,0,0,0,0,0,0,0,99,20,773,150,45,506,120,44,790,0,0,0
2,2005,404,'611011010',218,NO,KG,428,168,1767,0,0,0,0,0,0,0,0,0,0,0,0,0,0,0,0,0,0,178,84,633,61,36,431,37,11,407,0,0,0,0,0,0,152,37,296
2,2005,404,'611011010',220,NO,KG,102775,31638,1120652,1332,428,19229,1646,624,18426,321,94,6411,52,16,1683,1511,554,14744,10217,3021,138677,19592,6044,248533,31009,8966,315046,24406,8079,260818,10543,3195,79958,1972,541,14799,174,76,2328
2,2005,404,'611011010',225,NO,KG,274,109,2814,0,0,0,0,0,0,0,0,0,0,0,0,0,0,0,0,0,0,32,7,306,90,41,881,92,44,955,60,17,672,0,0,0,0,0,0
2,2005,404,'611011010',230,NO,KG,271,117,2689,0,0,0,0,0,0,0,0,0,0,0,0,0,0,0,0,0,0,89,41,895,80,46,802,77,23,668,25,7,324,0,0,0,0,0,0
2,2005,404,'611011010',231,NO,KG,3271,1157,26603,0,0,0,0,0,0,0,0,0,0,0,0,0,0,0,170,78,876,919,256,7203,829,255,6628,1120,471,10002,233,97,1894,0,0,0,0,0,0
2,2005,404,'611011010',232,NO,KG,183,66,554,0,0,0,0,0,0,0,0,0,0,0,0,0,0,0,0,0,0,0,0,0,33,21,312,0,0,0,150,45,242,0,0,0,0,0,0
2,2005,404,'611011010',234,NO,KG,2876,751,17722,0,0,0,0,0,0,0,0,0,0,0,0,0,0,0,200,50,1374,926,141,5493,810,219,4317,695,262,4243,245,79,2295,0,0,0,0,0,0
2,2005,404,'611011010',238,NO,KG,107,43,695,0,0,0,0,0,0,0,0,0,0,0,0,0,0,0,0,0,0,0,0,0,0,0,0,45,17,288,62,26,407,0,0,0,0,0,0
2,2005,404,'611011010',240,NO,KG,193,107,1541,0,0,0,0,0,0,0,0,0,0,0,0,0,0,0,0,0,0,0,0,0,0,0,0,0,0,0,142,85,1292,0,0,0,51,22,249
2,2005,404,'611011010',242,NO,KG,28,7,487,0,0,0,0,0,0,0,0,0,0,0,0,0,0,0,0,0,0,28,7,487,0,0,0,0,0,0,0,0,0,0,0,0,0,0,0
2,2005,404,'611011010',245,NO,KG,1313,387,10230,0,0,0,0,0,0,0,0,0,0,0,0,0,0,0,745,185,4887,478,148,4285,45,30,692,45,24,366,0,0,0,0,0,0,0,0,0
2,2005,404,'611011010',246,NO,KG,380,134,4615,0,0,0,0,0,0,0,0,0,0,0,0,0,0,0,0,0,0,284,99,2975,96,35,1640,0,0,0,0,0,0,0,0,0,0,0,0
2,2005,404,'611011010',302,NO,KG,944,490,8020,0,0,0,0,0,0,0,0,0,0,0,0,0,0,0,0,0,0,28,8,377,35,14,433,573,249,4992,158,137,1640,150,82,578,0,0,0
2,2005,404,'611011010',304,NO,KG,115,17,499,0,0,0,0,0,0,0,0,0,0,0,0,0,0,0,0,0,0,0,0,0,0,0,0,0,0,0,47,14,276,0,0,0,68,3,223
2,2005,404,'611011010',407,NO,KG,356,106,550,0,0,0,0,0,0,0,0,0,0,0,0,0,0,0,0,0,0,0,0,0,0,0,0,356,106,550,0,0,0,0,0,0,0,0,0
2,2005,404,'611011010',408,NO,KG,245,147,1065,0,0,0,0,0,0,0,0,0,0,0,0,0,0,0,0,0,0,0,0,0,245,147,1065,0,0,0,0,0,0,0,0,0,0,0,0
2,2005,404,'611011010',410,NO,KG,13,6,256,0,0,0,0,0,0,0,0,0,0,0,0,0,0,0,0,0,0,0,0,0,13,6,256,0,0,0,0,0,0,0,0,0,0,0,0
2,2005,404,'611011010',412,NO,KG,79,32,1383,0,0,0,0,0,0,0,0,0,0,0,0,0,0,0,0,0,0,79,32,1383,0,0,0,0,0,0,0,0,0,0,0,0,0,0,0
2,2005,404,'611011010',413,NO,KG,20,6,257,0,0,0,0,0,0,0,0,0,0,0,0,0,0,0,0,0,0,0,0,0,0,0,0,0,0,0,20,6,257,0,0,0,0,0,0
2,2005,404,'611011010',501,NO,KG,53,16,206,0,0,0,0,0,0,0,0,0,0,0,0,0,0,0,0,0,0,0,0,0,0,0,0,53,16,206,0,0,0,0,0,0,0,0,0
2,2005,404,'611011010',504,NO,KG,2864,1110,17090,0,0,0,0,0,0,0,0,0,0,0,0,0,0,0,290,124,954,778,312,3904,1477,543,9984,264,109,1589,55,22,659,0,0,0,0,0,0
2,2005,404,'611011010',546,NO,KG,474,183,3802,0,0,0,0,0,0,0,0,0,0,0,0,0,0,0,256,68,2066,218,115,1736,0,0,0,0,0,0,0,0,0,0,0,0,0,0,0
2,2005,404,'611011010',601,NO,KG,11,1,238,0,0,0,0,0,0,0,0,0,0,0,0,0,0,0,0,0,0,11,1,238,0,0,0,0,0,0,0,0,0,0,0,0,0,0,0
2,2005,404,'611011020',103,NO,KG,2997,545,5583,0,0,0,0,0,0,0,0,0,0,0,0,0,0,0,0,0,0,0,0,0,0,0,0,0,0,0,2146,297,4050,293,91,690,558,157,843
2,2005,404,'611011020',105,NO,KG,1206367,276766,2030027,19286,6409,29636,5041,1098,6459,6019,1236,12982,5473,1154,5344,2112,672,6415,1237,309,3769,21414,4970,52330,146911,30806,280596,304223,64968,493170,299958,71218,512087,279679,67438,459567,115014,26488,167672
2,2005,404,'611011020',108,NO,KG,17568,3012,25461,72,29,234,110,55,453,151,35,685,257,46,440,108,21,209,100,32,251,2057,307,3576,180,18,215,2712,479,4787,8971,1321,9068,2850,669,5543,0,0,0
2,2005,404,'611011020',110,NO,KG,21107,4411,63485,301,74,1080,231,46,769,590,41,580,168,34,757,2882,668,15611,1537,342,7356,2807,641,9501,7116,1340,14736,2447,648,2820,1431,261,5145,1312,281,3977,285,35,1153
2,2005,404,'611011020',111,NO,KG,693,138,1935,0,0,0,0,0,0,0,0,0,0,0,0,0,0,0,0,0,0,505,115,1685,188,23,250,0,0,0,0,0,0,0,0,0,0,0,0
2,2005,404,'611011020',123,NO,KG,43,10,389,0,0,0,0,0,0,0,0,0,0,0,0,0,0,0,0,0,0,0,0,0,43,10,389,0,0,0,0,0,0,0,0,0,0,0,0
2,2005,404,'611011020',205,NO,KG,5917,1501,36278,27,9,224,32,9,227,23,3,236,0,0,0,0,0,0,558,201,2279,1085,202,7040,1661,381,10847,1476,329,9214,991,338,5650,37,18,296,27,11,265
2,2005,404,'611011020',206,NO,KG,1093,527,5477,0,0,0,0,0,0,0,0,0,0,0,0,0,0,0,0,0,0,727,372,3604,59,46,348,0,0,0,307,109,1525,0,0,0,0,0,0
2,2005,404,'611011020',208,NO,KG,436,119,2997,0,0,0,0,0,0,0,0,0,0,0,0,0,0,0,0,0,0,9,3,202,361,95,1939,66,21,856,0,0,0,0,0,0,0,0,0
2,2005,404,'611011020',210,NO,KG,1692,561,11416,0,0,0,0,0,0,0,0,0,0,0,0,0,0,0,0,0,0,129,27,1335,558,271,3015,772,211,5305,227,50,1473,6,2,288,0,0,0
2,2005,404,'611011020',213,NO,KG,128,42,1223,0,0,0,0,0,0,0,0,0,0,0,0,0,0,0,0,0,0,0,0,0,34,10,462,52,22,488,42,10,273,0,0,0,0,0,0
2,2005,404,'611011020',217,NO,KG,58,11,253,0,0,0,0,0,0,0,0,0,0,0,0,0,0,0,0,0,0,0,0,0,0,0,0,0,0,0,58,11,253,0,0,0,0,0,0
2,2005,404,'611011020',218,NO,KG,86,42,629,0,0,0,0,0,0,0,0,0,0,0,0,0,0,0,0,0,0,30,9,303,56,33,326,0,0,0,0,0,0,0,0,0,0,0,0
2,2005,404,'611011020',220,NO,KG,34620,11289,322884,586,215,5943,496,143,7660,200,65,3559,24,4,773,89,24,920,1772,883,24331,9120,2987,95829,8337,2530,66562,8885,2961,75578,2724,935,22885,1198,294,7112,1189,248,11732
2,2005,404,'611011020',231,NO,KG,464,158,3196,0,0,0,0,0,0,0,0,0,0,0,0,0,0,0,0,0,0,0,0,0,127,42,857,313,107,2112,24,9,227,0,0,0,0,0,0
2,2005,404,'611011020',234,NO,KG,66,7,573,0,0,0,0,0,0,0,0,0,0,0,0,0,0,0,0,0,0,66,7,573,0,0,0,0,0,0,0,0,0,0,0,0,0,0,0
2,2005,404,'611011020',240,NO,KG,186,46,1281,0,0,0,0,0,0,0,0,0,0,0,0,0,0,0,0,0,0,0,0,0,0,0,0,186,46,1281,0,0,0,0,0,0,0,0,0
2,2005,404,'611011020',245,NO,KG,113,20,730,0,0,0,0,0,0,0,0,0,0,0,0,0,0,0,0,0,0,0,0,0,0,0,0,113,20,730,0,0,0,0,0,0,0,0,0
2,2005,404,'611011020',302,NO,KG,72,66,809,0,0,0,0,0,0,0,0,0,0,0,0,0,0,0,0,0,0,23,39,212,0,0,0,25,7,244,0,0,0,24,20,353,0,0,0
2,2005,404,'611011020',304,NO,KG,275,132,1787,127,26,500,0,0,0,0,0,0,0,0,0,0,0,0,0,0,0,0,0,0,12,10,228,32,10,451,104,86,608,0,0,0,0,0,0
2,2005,404,'611011020',407,NO,KG,1465,389,1948,200,54,361,0,0,0,0,0,0,0,0,0,0,0,0,0,0,0,0,0,0,644,172,632,261,75,467,0,0,0,360,88,488,0,0,0
2,2005,404,'611011020',504,NO,KG,361,90,1386,0,0,0,0,0,0,0,0,0,0,0,0,0,0,0,0,0,0,0,0,0,0,0,0,361,90,1386,0,0,0,0,0,0,0,0,0
2,2005,404,'611012010',105,NO,KG,135225,32382,698863,1670,466,7429,795,246,3422,1187,310,2981,702,236,4139,850,265,3641,3278,706,33707,7423,1638,50526,15120,3836,107194,28150,7158,156485,29346,7681,147870,42518,8787,161280,4186,1053,20189
2,2005,404,'611012010',107,NO,KG,903,210,3613,0,0,0,0,0,0,0,0,0,0,0,0,0,0,0,0,0,0,0,0,0,0,0,0,903,210,3613,0,0,0,0,0,0,0,0,0
2,2005,404,'611012010',108,NO,KG,992,348,11090,95,46,1337,284,86,2766,0,0,0,0,0,0,0,0,0,0,0,0,0,0,0,94,34,1077,36,11,304,0,0,0,379,126,4424,104,45,1182
2,2005,404,'611012010',110,NO,KG,3561,719,17047,0,0,0,0,0,0,61,14,274,0,0,0,2000,370,8131,267,72,1660,579,124,3771,97,18,409,113,29,448,444,92,2354,0,0,0,0,0,0
2,2005,404,'611012010',131,NO,KG,1568,332,4783,0,0,0,0,0,0,0,0,0,0,0,0,0,0,0,0,0,0,0,0,0,0,0,0,356,64,592,733,167,2508,267,56,945,212,45,738
2,2005,404,'611012010',205,NO,KG,3251,898,76430,312,135,10212,215,65,2994,118,35,1585,24,6,616,0,0,0,601,153,14664,431,114,12262,491,124,9900,753,180,16047,143,36,3266,12,3,880,151,47,4004
2,2005,404,'611012010',208,NO,KG,65,38,999,0,0,0,0,0,0,0,0,0,0,0,0,0,0,0,0,0,0,0,0,0,65,38,999,0,0,0,0,0,0,0,0,0,0,0,0
2,2005,404,'611012010',210,NO,KG,434,153,9442,0,0,0,22,6,940,0,0,0,0,0,0,0,0,0,0,0,0,15,10,992,152,29,4195,57,16,923,180,90,1753,0,0,0,8,2,639
2,2005,404,'611012010',215,NO,KG,789,163,16057,66,9,1058,336,72,6866,211,38,4940,0,0,0,0,0,0,0,0,0,0,0,0,176,44,3193,0,0,0,0,0,0,0,0,0,0,0,0
2,2005,404,'611012010',220,NO,KG,33777,10411,665107,819,297,19402,592,190,14948,226,63,6810,58,15,1216,445,154,11280,3798,1209,93743,7379,2334,138228,11029,3234,193809,7165,2147,133957,1314,465,30603,246,144,4626,706,159,16485
2,2005,404,'611012010',231,NO,KG,239,93,2964,0,0,0,0,0,0,0,0,0,0,0,0,0,0,0,0,0,0,74,43,1085,165,50,1879,0,0,0,0,0,0,0,0,0,0,0,0
2,2005,404,'611012010',304,NO,KG,696,130,5219,0,0,0,72,17,756,0,0,0,41,16,473,0,0,0,0,0,0,553,78,3496,15,14,214,0,0,0,15,5,280,0,0,0,0,0,0
2,2005,404,'611012020',105,NO,KG,271923,56454,968349,4501,1005,21030,1176,236,3934,3220,932,14365,7239,1598,32340,709,141,3150,2983,473,14004,21843,4459,92158,38111,7961,141159,61638,13060,230778,74623,15646,231903,38134,7451,121470,17746,3492,62058
2,2005,404,'611012020',107,NO,KG,596,131,2191,0,0,0,0,0,0,0,0,0,0,0,0,0,0,0,0,0,0,186,43,775,410,88,1416,0,0,0,0,0,0,0,0,0,0,0,0
2,2005,404,'611012020',108,NO,KG,369,148,2614,369,148,2614,0,0,0,0,0,0,0,0,0,0,0,0,0,0,0,0,0,0,0,0,0,0,0,0,0,0,0,0,0,0,0,0,0
2,2005,404,'611012020',110,NO,KG,6649,1474,36200,0,0,0,0,0,0,0,0,0,1205,298,9990,0,0,0,426,105,2234,1899,364,9677,242,44,2097,288,75,1398,1240,225,5376,732,211,3236,617,152,2192
2,2005,404,'611012020',131,NO,KG,275,49,599,0,0,0,0,0,0,0,0,0,0,0,0,0,0,0,0,0,0,0,0,0,0,0,0,200,34,331,0,0,0,0,0,0,75,15,268
2,2005,404,'611012020',205,NO,KG,2925,677,128225,150,32,7742,86,44,2078,26,5,1574,0,0,0,0,0,0,52,18,4156,912,172,37937,481,138,23890,424,105,12159,291,53,9042,163,37,10641,340,73,19006
2,2005,404,'611012020',210,NO,KG,876,162,16163,9,2,750,5,1,347,13,3,765,10,4,463,0,0,0,0,0,0,23,9,1909,777,134,8740,0,0,0,12,2,1190,4,1,422,23,6,1577
2,2005,404,'611012020',213,NO,KG,24,7,513,0,0,0,0,0,0,0,0,0,0,0,0,0,0,0,0,0,0,0,0,0,24,7,513,0,0,0,0,0,0,0,0,0,0,0,0
2,2005,404,'611012020',215,NO,KG,547,139,12182,0,0,0,0,0,0,0,0,0,0,0,0,0,0,0,0,0,0,0,0,0,0,0,0,426,114,9647,0,0,0,0,0,0,121,25,2535
2,2005,404,'611012020',220,NO,KG,14425,4363,294855,671,225,11150,514,175,15699,220,95,5191,8,1,427,709,256,13492,3123,959,52572,2780,820,71997,2907,880,57208,2291,640,39465,895,236,17173,69,21,3674,238,55,6807
2,2005,404,'611012020',304,NO,KG,75,34,1615,0,0,0,0,0,0,0,0,0,0,0,0,0,0,0,0,0,0,29,23,900,20,4,240,0,0,0,26,7,475,0,0,0,0,0,0
2,2005,404,'611012020',601,NO,KG,22,9,414,0,0,0,0,0,0,0,0,0,0,0,0,0,0,0,0,0,0,0,0,0,0,0,0,22,9,414,0,0,0,0,0,0,0,0,0
2,2005,404,'611019010',103,NO,KG,45,18,275,0,0,0,0,0,0,0,0,0,0,0,0,0,0,0,0,0,0,0,0,0,0,0,0,0,0,0,0,0,0,45,18,275,0,0,0
2,2005,404,'611019010',105,NO,KG,56160,13740,103901,419,40,294,764,76,549,0,0,0,0,0,0,0,0,0,121,33,1389,643,99,1613,6447,1461,13524,9253,2079,16548,20067,5238,35709,9691,2663,20092,8755,2051,14183
2,2005,404,'611019010',108,NO,KG,16,10,247,0,0,0,0,0,0,0,0,0,0,0,0,0,0,0,0,0,0,0,0,0,0,0,0,16,10,247,0,0,0,0,0,0,0,0,0
2,2005,404,'611019010',111,NO,KG,465,190,1056,0,0,0,0,0,0,0,0,0,0,0,0,0,0,0,0,0,0,0,0,0,0,0,0,0,0,0,0,0,0,465,190,1056,0,0,0
2,2005,404,'611019010',205,NO,KG,28,7,282,0,0,0,0,0,0,0,0,0,0,0,0,0,0,0,0,0,0,0,0,0,28,7,282,0,0,0,0,0,0,0,0,0,0,0,0
2,2005,404,'611019010',208,NO,KG,90,27,866,0,0,0,0,0,0,0,0,0,0,0,0,0,0,0,0,0,0,0,0,0,90,27,866,0,0,0,0,0,0,0,0,0,0,0,0
2,2005,404,'611019010',210,NO,KG,194,37,907,0,0,0,0,0,0,0,0,0,0,0,0,0,0,0,0,0,0,0,0,0,0,0,0,39,8,276,3,1,273,0,0,0,152,28,358
2,2005,404,'611019010',213,NO,KG,100,23,1108,0,0,0,0,0,0,0,0,0,0,0,0,0,0,0,0,0,0,0,0,0,100,23,1108,0,0,0,0,0,0,0,0,0,0,0,0
2,2005,404,'611019010',220,NO,KG,4148,1353,50014,0,0,0,65,15,1030,0,0,0,0,0,0,251,138,3350,326,134,3659,897,213,14182,931,294,10727,1348,452,12768,310,101,4045,20,6,253,0,0,0
2,2005,404,'611019010',231,NO,KG,98,42,640,0,0,0,0,0,0,0,0,0,0,0,0,0,0,0,0,0,0,0,0,0,37,18,271,0,0,0,61,24,369,0,0,0,0,0,0
2,2005,404,'611019010',304,NO,KG,84,11,777,0,0,0,84,11,777,0,0,0,0,0,0,0,0,0,0,0,0,0,0,0,0,0,0,0,0,0,0,0,0,0,0,0,0,0,0
2,2005,404,'611019010',407,NO,KG,10268,3880,23190,2235,940,4664,1312,491,2627,691,337,1523,336,93,676,0,0,0,0,0,0,39,15,543,411,127,1591,1131,381,2184,1191,381,2623,1534,552,3317,1388,563,3442
2,2005,404,'611019010',408,NO,KG,496,171,2710,0,0,0,0,0,0,0,0,0,0,0,0,0,0,0,0,0,0,0,0,0,183,98,1399,0,0,0,195,42,794,0,0,0,118,31,517
2,2005,404,'611019010',412,NO,KG,182,55,2109,0,0,0,0,0,0,0,0,0,0,0,0,0,0,0,0,0,0,0,0,0,35,11,500,24,8,202,0,0,0,123,36,1407,0,0,0
2,2005,404,'611019010',504,NO,KG,1821,635,8289,0,0,0,0,0,0,0,0,0,0,0,0,0,0,0,252,103,1198,741,266,3142,828,266,3949,0,0,0,0,0,0,0,0,0,0,0,0
2,2005,404,'611019020',105,NO,KG,44923,9180,69360,621,75,452,566,67,793,0,0,0,0,0,0,0,0,0,0,0,0,0,0,0,3275,561,8124,9400,2077,13333,17803,3934,28538,10893,1940,14645,2365,526,3475
2,2005,404,'611019020',205,NO,KG,97,19,655,0,0,0,0,0,0,0,0,0,0,0,0,0,0,0,0,0,0,0,0,0,9,1,272,88,18,383,0,0,0,0,0,0,0,0,0
2,2005,404,'611019020',206,NO,KG,51,11,367,0,0,0,0,0,0,0,0,0,0,0,0,0,0,0,0,0,0,0,0,0,51,11,367,0,0,0,0,0,0,0,0,0,0,0,0
2,2005,404,'611019020',210,NO,KG,179,39,1184,0,0,0,0,0,0,0,0,0,0,0,0,0,0,0,0,0,0,33,9,291,0,0,0,0,0,0,146,30,893,0,0,0,0,0,0
2,2005,404,'611019020',220,NO,KG,760,251,7944,0,0,0,0,0,0,0,0,0,0,0,0,0,0,0,0,0,0,14,13,384,465,158,4796,141,48,1777,63,14,453,77,18,534,0,0,0
2,2005,404,'611019020',231,NO,KG,259,111,1890,0,0,0,0,0,0,0,0,0,0,0,0,0,0,0,0,0,0,0,0,0,0,0,0,259,111,1890,0,0,0,0,0,0,0,0,0
2,2005,404,'611019020',407,NO,KG,115,51,264,0,0,0,0,0,0,0,0,0,0,0,0,0,0,0,0,0,0,0,0,0,0,0,0,0,0,0,0,0,0,0,0,0,115,51,264
2,2005,404,'611019020',408,NO,KG,2915,1321,14085,0,0,0,0,0,0,0,0,0,0,0,0,0,0,0,0,0,0,0,0,0,0,0,0,143,70,873,2772,1251,13212,0,0,0,0,0,0
2,2005,404,'611020011',103,NO,KG,14852,3782,20064,0,0,0,0,0,0,229,169,286,885,221,1110,4934,1229,7119,2673,558,3405,2839,737,3557,450,112,685,1677,437,2557,0,0,0,85,25,331,1080,294,1014
2,2005,404,'611020011',105,NO,KG,389279,134329,335479,22302,9076,24869,9779,3840,11085,15153,4888,13033,9677,2454,6466,4463,1648,7825,4622,1064,2434,4198,1294,3488,90550,32861,93852,60283,21361,49447,80221,21692,62994,50188,22377,34020,37843,11774,25966
2,2005,404,'611020011',106,NO,KG,146,60,248,0,0,0,0,0,0,0,0,0,0,0,0,0,0,0,0,0,0,0,0,0,0,0,0,146,60,248,0,0,0,0,0,0,0,0,0
2,2005,404,'611020011',108,NO,KG,1028,377,4836,0,0,0,0,0,0,0,0,0,112,56,238,0,0,0,0,0,0,0,0,0,466,177,2825,83,30,340,40,12,233,327,102,1200,0,0,0
2,2005,404,'611020011',110,NO,KG,7102,1555,8014,0,0,0,0,0,0,0,0,0,0,0,0,0,0,0,0,0,0,1099,109,592,1396,256,1288,3348,583,2914,760,303,2649,0,0,0,499,304,571
2,2005,404,'611020011',111,NO,KG,17816,6628,13104,0,0,0,0,0,0,820,174,540,0,0,0,0,0,0,0,0,0,640,159,345,0,0,0,5723,2307,4431,8717,3136,5817,0,0,0,1916,852,1971
2,2005,404,'611020011',118,NO,KG,2714,961,4878,626,163,586,0,0,0,0,0,0,0,0,0,0,0,0,0,0,0,0,0,0,0,0,0,1845,730,4068,0,0,0,0,0,0,243,68,224
2,2005,404,'611020011',120,NO,KG,1994,963,7985,0,0,0,0,0,0,0,0,0,0,0,0,0,0,0,0,0,0,0,0,0,767,301,2912,381,127,1354,726,499,3249,0,0,0,120,36,470
2,2005,404,'611020011',122,NO,KG,152,76,273,0,0,0,0,0,0,0,0,0,0,0,0,0,0,0,0,0,0,0,0,0,0,0,0,0,0,0,152,76,273,0,0,0,0,0,0
2,2005,404,'611020011',123,NO,KG,473,342,1730,0,0,0,0,0,0,0,0,0,0,0,0,0,0,0,0,0,0,278,258,1104,0,0,0,70,28,272,0,0,0,125,56,354,0,0,0
2,2005,404,'611020011',124,NO,KG,2176,1039,2795,122,78,207,0,0,0,0,0,0,0,0,0,0,0,0,0,0,0,0,0,0,1580,728,1624,0,0,0,330,157,698,0,0,0,144,76,266
2,2005,404,'611020011',129,NO,KG,337,185,1849,0,0,0,0,0,0,0,0,0,0,0,0,0,0,0,0,0,0,166,88,1245,0,0,0,0,0,0,0,0,0,0,0,0,171,97,604
2,2005,404,'611020011',205,NO,KG,258,71,1856,0,0,0,75,19,662,0,0,0,0,0,0,0,0,0,0,0,0,112,28,575,0,0,0,49,13,377,22,11,242,0,0,0,0,0,0
2,2005,404,'611020011',207,NO,KG,74,20,311,0,0,0,0,0,0,0,0,0,0,0,0,0,0,0,0,0,0,74,20,311,0,0,0,0,0,0,0,0,0,0,0,0,0,0,0
2,2005,404,'611020011',208,NO,KG,17,6,220,0,0,0,17,6,220,0,0,0,0,0,0,0,0,0,0,0,0,0,0,0,0,0,0,0,0,0,0,0,0,0,0,0,0,0,0
2,2005,404,'611020011',210,NO,KG,252,88,1250,0,0,0,20,7,206,44,15,211,0,0,0,0,0,0,97,34,416,0,0,0,91,32,417,0,0,0,0,0,0,0,0,0,0,0,0
2,2005,404,'611020011',213,NO,KG,107,70,256,0,0,0,0,0,0,0,0,0,0,0,0,0,0,0,0,0,0,0,0,0,0,0,0,0,0,0,107,70,256,0,0,0,0,0,0
2,2005,404,'611020011',217,NO,KG,1877,638,8741,0,0,0,100,47,443,0,0,0,0,0,0,0,0,0,0,0,0,522,184,2176,326,100,1502,419,141,1768,382,122,2497,128,44,355,0,0,0
2,2005,404,'611020011',220,NO,KG,5925,2197,51839,211,63,2102,628,197,5096,1023,283,6350,0,0,0,149,81,1774,382,118,4617,945,450,7092,690,197,6181,1148,464,10696,509,243,4114,205,84,3057,35,17,760
2,2005,404,'611020011',230,NO,KG,551,290,2012,26,10,212,291,189,1045,84,26,268,0,0,0,0,0,0,0,0,0,0,0,0,0,0,0,150,65,487,0,0,0,0,0,0,0,0,0
2,2005,404,'611020011',231,NO,KG,529,413,2246,0,0,0,511,404,2004,0,0,0,0,0,0,0,0,0,0,0,0,0,0,0,0,0,0,0,0,0,0,0,0,18,9,242,0,0,0
2,2005,404,'611020011',232,NO,KG,3032,1122,14825,0,0,0,0,0,0,0,0,0,0,0,0,0,0,0,0,0,0,399,172,2198,316,110,1438,1299,447,5873,878,352,4678,0,0,0,140,41,638
2,2005,404,'611020011',234,NO,KG,8169,3943,25268,0,0,0,0,0,0,318,145,1441,0,0,0,0,0,0,782,240,1013,846,296,1315,567,226,1714,3977,2349,14063,283,89,1242,1396,598,4480,0,0,0
2,2005,404,'611020011',239,NO,KG,607,203,2515,0,0,0,0,0,0,0,0,0,0,0,0,0,0,0,0,0,0,0,0,0,0,0,0,290,103,1393,0,0,0,0,0,0,317,100,1122
2,2005,404,'611020011',243,NO,KG,88,23,266,0,0,0,88,23,266,0,0,0,0,0,0,0,0,0,0,0,0,0,0,0,0,0,0,0,0,0,0,0,0,0,0,0,0,0,0
2,2005,404,'611020011',302,NO,KG,15970,7134,41961,1360,419,2360,0,0,0,3299,1300,7554,1015,300,2051,0,0,0,0,0,0,0,0,0,6883,3500,19660,2785,1377,8008,601,230,1816,0,0,0,27,8,512
2,2005,404,'611020011',304,NO,KG,25193,10460,90654,2352,669,2580,384,131,1170,487,200,1826,140,27,510,164,71,817,5622,1968,21509,1597,750,7036,2567,1342,10726,2414,1024,8631,2210,978,10767,4974,2395,17255,2282,905,7827
2,2005,404,'611020011',305,NO,KG,767,296,3899,0,0,0,0,0,0,0,0,0,0,0,0,0,0,0,0,0,0,0,0,0,325,130,1476,0,0,0,0,0,0,0,0,0,442,166,2423
2,2005,404,'611020011',307,NO,KG,80,15,222,0,0,0,0,0,0,0,0,0,0,0,0,80,15,222,0,0,0,0,0,0,0,0,0,0,0,0,0,0,0,0,0,0,0,0,0
2,2005,404,'611020011',322,NO,KG,183,109,1041,0,0,0,0,0,0,0,0,0,0,0,0,0,0,0,0,0,0,0,0,0,0,0,0,0,0,0,0,0,0,0,0,0,183,109,1041
2,2005,404,'611020011',323,NO,KG,159,78,662,0,0,0,0,0,0,0,0,0,0,0,0,0,0,0,0,0,0,0,0,0,0,0,0,0,0,0,0,0,0,0,0,0,159,78,662
2,2005,404,'611020011',407,NO,KG,45,25,503,0,0,0,0,0,0,0,0,0,0,0,0,0,0,0,0,0,0,0,0,0,0,0,0,0,0,0,0,0,0,45,25,503,0,0,0
2,2005,404,'611020011',541,NO,KG,503,230,674,0,0,0,0,0,0,0,0,0,0,0,0,0,0,0,0,0,0,0,0,0,0,0,0,0,0,0,0,0,0,0,0,0,503,230,674
2,2005,404,'611020019',103,NO,KG,176864,32315,177706,2753,723,742,2424,635,1223,17270,4649,11810,5662,1014,4744,6924,1127,6870,9847,1380,9284,6433,969,6593,9756,1937,10922,20663,3616,24594,41391,7058,37630,41829,7148,51330,11912,2059,11964
2,2005,404,'611020019',105,NO,KG,2529887,618449,2643929,160819,43206,236238,170766,41301,224760,356965,71425,379690,433961,80674,433744,159145,30137,170846,194628,39390,156991,150892,34859,141290,322245,94948,303926,210770,64265,215820,131198,41107,128606,84686,28257,88461,153812,48880,163557
2,2005,404,'611020019',106,NO,KG,488,294,2674,0,0,0,0,0,0,0,0,0,0,0,0,0,0,0,0,0,0,0,0,0,92,36,649,0,0,0,396,258,2025,0,0,0,0,0,0
2,2005,404,'611020019',108,NO,KG,17248,4728,66887,1961,645,9641,983,315,4276,1432,331,4137,1471,304,4678,2330,378,2750,1380,179,2061,302,79,760,502,101,1787,1291,363,5413,1717,725,5398,2180,785,18916,1699,523,7070
2,2005,404,'611020019',110,NO,KG,48019,7899,75895,1263,392,5503,3764,572,8074,2209,325,4707,1590,177,3405,366,46,1131,2415,248,4114,5402,833,9128,11785,2167,17186,3481,883,4187,10796,1444,7250,3117,458,5762,1831,354,5448
2,2005,404,'611020019',111,NO,KG,66473,11321,41224,15965,2752,6420,3460,318,1779,17930,3140,14239,845,85,300,0,0,0,0,0,0,1912,369,1320,10503,2184,9951,9769,1545,4095,3391,546,1903,1448,242,806,1250,140,411
2,2005,404,'611020019',113,NO,KG,167,130,529,0,0,0,0,0,0,0,0,0,0,0,0,0,0,0,167,130,529,0,0,0,0,0,0,0,0,0,0,0,0,0,0,0,0,0,0
2,2005,404,'611020019',117,NO,KG,1422,593,4393,0,0,0,123,49,534,171,42,719,90,24,407,360,171,1324,0,0,0,0,0,0,0,0,0,441,188,319,0,0,0,237,119,1090,0,0,0
2,2005,404,'611020019',118,NO,KG,31106,9242,37846,1447,561,1844,2335,889,2480,4936,1473,5360,2451,547,2553,2139,562,3108,981,295,928,0,0,0,2288,846,3002,2002,936,3338,4221,1301,6704,4475,1066,4766,3831,766,3763
2,2005,404,'611020019',120,NO,KG,4347,1100,3594,668,133,594,124,31,264,790,158,749,0,0,0,0,0,0,0,0,0,0,0,0,107,35,205,0,0,0,104,31,401,0,0,0,2554,712,1381
2,2005,404,'611020019',121,NO,KG,443,147,1559,154,61,363,289,86,1196,0,0,0,0,0,0,0,0,0,0,0,0,0,0,0,0,0,0,0,0,0,0,0,0,0,0,0,0,0,0
2,2005,404,'611020019',123,NO,KG,16206,3925,27118,1519,152,2156,798,166,2033,4092,608,2913,436,49,693,968,105,815,0,0,0,2092,700,5542,1970,706,5707,2361,556,3432,1230,582,1819,284,90,1039,456,211,969
2,2005,404,'611020019',124,NO,KG,2463,1038,4792,0,0,0,0,0,0,0,0,0,0,0,0,0,0,0,0,0,0,0,0,0,0,0,0,0,0,0,1733,673,3413,0,0,0,730,365,1379
2,2005,404,'611020019',127,NO,KG,7532,1863,9789,1188,282,1684,1513,428,1514,1756,430,2920,659,146,841,0,0,0,0,0,0,0,0,0,814,187,1881,361,101,207,1241,289,742,0,0,0,0,0,0
2,2005,404,'611020019',129,NO,KG,9013,4961,21087,2418,1360,8226,207,56,666,0,0,0,500,200,1023,54,12,234,500,150,261,0,0,0,0,0,0,65,26,299,927,370,2300,3475,2151,5910,867,636,2168
2,2005,404,'611020019',144,NO,KG,119,50,375,0,0,0,0,0,0,0,0,0,0,0,0,0,0,0,0,0,0,0,0,0,0,0,0,0,0,0,0,0,0,119,50,375,0,0,0
2,2005,404,'611020019',147,NO,KG,552,110,597,0,0,0,0,0,0,0,0,0,552,110,597,0,0,0,0,0,0,0,0,0,0,0,0,0,0,0,0,0,0,0,0,0,0,0,0
2,2005,404,'611020019',205,NO,KG,6589,1626,38383,1394,344,8731,1412,284,7082,857,189,7074,109,38,1074,0,0,0,0,0,0,368,73,1181,319,152,2075,354,81,1639,93,16,405,0,0,0,1683,449,9122
2,2005,404,'611020019',207,NO,KG,539,128,1899,0,0,0,184,40,671,0,0,0,0,0,0,0,0,0,0,0,0,0,0,0,0,0,0,0,0,0,355,88,1228,0,0,0,0,0,0
2,2005,404,'611020019',208,NO,KG,2062,594,14942,69,19,1011,201,48,1688,259,58,3495,205,41,500,0,0,0,0,0,0,609,241,5510,604,150,1949,83,25,299,0,0,0,0,0,0,32,12,490
2,2005,404,'611020019',210,NO,KG,4318,1114,21028,130,26,833,790,152,3801,864,230,6927,145,25,1081,100,11,312,227,57,448,344,90,1558,1302,398,3838,235,70,681,0,0,0,23,7,298,158,48,1251
2,2005,404,'611020019',211,NO,KG,231,48,4593,73,14,1496,80,21,1660,78,13,1437,0,0,0,0,0,0,0,0,0,0,0,0,0,0,0,0,0,0,0,0,0,0,0,0,0,0,0
2,2005,404,'611020019',213,NO,KG,181,68,851,0,0,0,0,0,0,0,0,0,0,0,0,0,0,0,0,0,0,0,0,0,0,0,0,142,56,277,0,0,0,0,0,0,39,12,574
2,2005,404,'611020019',215,NO,KG,441,72,4862,0,0,0,0,0,0,0,0,0,441,72,4862,0,0,0,0,0,0,0,0,0,0,0,0,0,0,0,0,0,0,0,0,0,0,0,0
2,2005,404,'611020019',217,NO,KG,23815,5459,63300,6580,1232,13859,1058,295,3570,1367,353,3203,784,118,1703,0,0,0,2870,433,4381,2355,584,7041,3819,1101,12390,2284,621,7576,646,238,2580,1392,344,4467,660,140,2530
2,2005,404,'611020019',218,NO,KG,1833,411,4935,0,0,0,240,49,1856,216,51,1024,0,0,0,0,0,0,0,0,0,207,62,407,0,0,0,1170,249,1648,0,0,0,0,0,0,0,0,0
2,2005,404,'611020019',220,NO,KG,183674,47751,1268983,29894,7499,211247,47606,11847,316281,39003,9130,249346,5132,1066,43167,864,159,5458,6998,1716,36461,12125,3377,82124,11918,3853,74372,5837,2230,52769,3872,1106,35657,7240,2239,50331,13185,3529,111770
2,2005,404,'611020019',222,NO,KG,30,15,224,0,0,0,0,0,0,0,0,0,0,0,0,0,0,0,0,0,0,0,0,0,30,15,224,0,0,0,0,0,0,0,0,0,0,0,0
2,2005,404,'611020019',223,NO,KG,1096,103,1378,0,0,0,600,57,403,496,46,975,0,0,0,0,0,0,0,0,0,0,0,0,0,0,0,0,0,0,0,0,0,0,0,0,0,0,0
2,2005,404,'611020019',230,NO,KG,19344,6652,75233,3317,750,12566,1356,464,5272,2672,847,10717,1044,360,3587,0,0,0,1246,445,2799,892,240,2211,3814,1772,19300,768,285,4267,682,394,4804,0,0,0,3553,1095,9710
2,2005,404,'611020019',231,NO,KG,5198,1514,38756,1282,348,9761,1339,307,7934,603,177,5066,216,43,1256,0,0,0,0,0,0,133,44,1241,102,36,891,199,113,1411,0,0,0,456,144,3424,868,302,7772
2,2005,404,'611020019',232,NO,KG,7918,1936,24905,2366,266,4179,0,0,0,0,0,0,0,0,0,902,180,3472,200,67,768,1131,382,4304,382,127,1757,639,198,2538,288,80,907,292,79,1319,1718,557,5661
2,2005,404,'611020019',234,NO,KG,23275,8426,65073,3244,871,8073,1170,240,4043,2244,487,6246,175,25,551,611,196,2289,0,0,0,3480,1688,8264,3849,1239,10962,4830,2183,12741,2749,1233,7590,651,165,3150,272,99,1164
2,2005,404,'611020019',238,NO,KG,110,29,587,0,0,0,71,19,377,39,10,210,0,0,0,0,0,0,0,0,0,0,0,0,0,0,0,0,0,0,0,0,0,0,0,0,0,0,0
2,2005,404,'611020019',239,NO,KG,1306,440,5494,289,70,1379,347,150,1706,44,18,221,0,0,0,0,0,0,437,126,1338,0,0,0,92,40,521,0,0,0,0,0,0,0,0,0,97,36,329
2,2005,404,'611020019',240,NO,KG,67,16,254,0,0,0,0,0,0,0,0,0,0,0,0,67,16,254,0,0,0,0,0,0,0,0,0,0,0,0,0,0,0,0,0,0,0,0,0
2,2005,404,'611020019',241,NO,KG,310,100,2469,0,0,0,0,0,0,0,0,0,0,0,0,0,0,0,0,0,0,0,0,0,0,0,0,0,0,0,0,0,0,0,0,0,310,100,2469
2,2005,404,'611020019',245,NO,KG,36,8,243,36,8,243,0,0,0,0,0,0,0,0,0,0,0,0,0,0,0,0,0,0,0,0,0,0,0,0,0,0,0,0,0,0,0,0,0
2,2005,404,'611020019',246,NO,KG,37,9,364,0,0,0,0,0,0,37,9,364,0,0,0,0,0,0,0,0,0,0,0,0,0,0,0,0,0,0,0,0,0,0,0,0,0,0,0
2,2005,404,'611020019',302,NO,KG,2889,1040,6801,1360,419,2857,154,48,888,65,13,246,621,180,859,0,0,0,0,0,0,0,0,0,0,0,0,0,0,0,0,0,0,0,0,0,689,380,1951
2,2005,404,'611020019',304,NO,KG,146670,30152,457376,13327,2188,39951,10069,1976,31886,17607,2865,43006,16719,2418,41976,4084,1080,10363,6738,946,25095,4592,865,15052,21084,4713,68820,13430,3445,44510,23839,5263,87140,2316,528,9874,12865,3865,39703
2,2005,404,'611020019',305,NO,KG,723,169,1316,0,0,0,0,0,0,70,24,275,546,110,510,0,0,0,0,0,0,0,0,0,71,28,260,0,0,0,0,0,0,0,0,0,36,7,271
2,2005,404,'611020019',307,NO,KG,209,34,467,0,0,0,0,0,0,0,0,0,0,0,0,0,0,0,0,0,0,0,0,0,120,12,240,89,22,227,0,0,0,0,0,0,0,0,0
2,2005,404,'611020019',309,NO,KG,494,148,1240,0,0,0,0,0,0,0,0,0,0,0,0,0,0,0,0,0,0,0,0,0,0,0,0,0,0,0,494,148,1240,0,0,0,0,0,0
2,2005,404,'611020019',407,NO,KG,1777,327,2453,0,0,0,0,0,0,348,77,297,59,12,207,904,92,803,0,0,0,0,0,0,0,0,0,294,88,497,0,0,0,172,58,649,0,0,0
2,2005,404,'611020019',408,NO,KG,84,32,542,0,0,0,0,0,0,84,32,542,0,0,0,0,0,0,0,0,0,0,0,0,0,0,0,0,0,0,0,0,0,0,0,0,0,0,0
2,2005,404,'611020019',410,NO,KG,946,257,457,0,0,0,0,0,0,0,0,0,0,0,0,0,0,0,0,0,0,0,0,0,0,0,0,0,0,0,946,257,457,0,0,0,0,0,0
2,2005,404,'611020019',412,NO,KG,37,14,554,0,0,0,0,0,0,0,0,0,0,0,0,0,0,0,0,0,0,18,8,347,0,0,0,19,6,207,0,0,0,0,0,0,0,0,0
2,2005,404,'611020019',501,NO,KG,718,132,2228,185,36,825,183,14,381,115,12,252,0,0,0,0,0,0,0,0,0,0,0,0,0,0,0,235,70,770,0,0,0,0,0,0,0,0,0
2,2005,404,'611020019',504,NO,KG,3285,1148,14793,647,232,2030,0,0,0,664,260,2870,0,0,0,578,115,3379,0,0,0,196,111,1267,950,330,4342,0,0,0,0,0,0,0,0,0,250,100,905
2,2005,404,'611020019',506,NO,KG,342,54,625,342,54,625,0,0,0,0,0,0,0,0,0,0,0,0,0,0,0,0,0,0,0,0,0,0,0,0,0,0,0,0,0,0,0,0,0
2,2005,404,'611020019',547,NO,KG,849,162,2464,390,75,858,230,25,536,169,41,601,0,0,0,0,0,0,0,0,0,0,0,0,0,0,0,60,21,469,0,0,0,0,0,0,0,0,0
2,2005,404,'611020019',627,NO,KG,858,340,1921,0,0,0,0,0,0,397,138,1353,0,0,0,0,0,0,0,0,0,0,0,0,99,30,342,362,172,226,0,0,0,0,0,0,0,0,0
2,2005,404,'611020021',103,NO,KG,128,28,205,0,0,0,0,0,0,0,0,0,0,0,0,128,28,205,0,0,0,0,0,0,0,0,0,0,0,0,0,0,0,0,0,0,0,0,0
2,2005,404,'611020021',105,NO,KG,31108,9749,21426,3021,1478,2794,602,142,640,5163,1522,4298,861,299,721,336,124,226,0,0,0,879,131,877,551,118,211,4373,1484,2977,2253,1143,2267,1760,439,1968,11309,2869,4447
2,2005,404,'611020021',112,NO,KG,413,302,602,0,0,0,0,0,0,0,0,0,0,0,0,0,0,0,0,0,0,0,0,0,0,0,0,413,302,602,0,0,0,0,0,0,0,0,0
2,2005,404,'611020021',118,NO,KG,6686,1789,5215,0,0,0,0,0,0,0,0,0,0,0,0,0,0,0,0,0,0,614,128,464,1115,245,852,296,67,262,3876,1033,3227,0,0,0,785,316,410
2,2005,404,'611020021',220,NO,KG,478,161,5769,0,0,0,151,45,1962,20,6,246,30,9,375,0,0,0,0,0,0,0,0,0,0,0,0,159,59,1576,99,37,1195,19,5,415,0,0,0
2,2005,404,'611020021',232,NO,KG,472,166,2150,0,0,0,0,0,0,0,0,0,0,0,0,0,0,0,0,0,0,119,50,569,100,32,480,253,84,1101,0,0,0,0,0,0,0,0,0
2,2005,404,'611020021',234,NO,KG,79,19,268,0,0,0,79,19,268,0,0,0,0,0,0,0,0,0,0,0,0,0,0,0,0,0,0,0,0,0,0,0,0,0,0,0,0,0,0
2,2005,404,'611020021',239,NO,KG,400,109,1307,0,0,0,0,0,0,0,0,0,0,0,0,0,0,0,0,0,0,0,0,0,0,0,0,400,109,1307,0,0,0,0,0,0,0,0,0
2,2005,404,'611020021',304,NO,KG,6827,3774,11174,0,0,0,44,8,289,0,0,0,0,0,0,0,0,0,0,0,0,408,204,343,315,141,950,2664,936,5962,1022,156,1491,668,443,904,1706,1886,1235
2,2005,404,'611020029',103,NO,KG,51547,8092,40201,9338,1130,4353,1360,194,1203,7389,1476,4877,7326,875,7638,7528,1080,7053,3161,421,2695,1511,295,703,3819,500,3756,3936,769,3491,4838,1094,3152,735,174,577,606,84,703
2,2005,404,'611020029',105,NO,KG,2157791,446618,2068068,195965,42500,229022,184067,38088,194095,325246,63882,324433,384674,68174,340809,168545,29331,157460,157416,25223,118133,131991,25252,109335,206118,47331,184942,126989,29909,110987,80670,24172,82556,77212,21652,89267,118898,31104,127029
2,2005,404,'611020029',106,NO,KG,2634,358,1841,0,0,0,0,0,0,2634,358,1841,0,0,0,0,0,0,0,0,0,0,0,0,0,0,0,0,0,0,0,0,0,0,0,0,0,0,0
2,2005,404,'611020029',108,NO,KG,6986,1598,9943,607,199,1509,578,119,429,601,171,1117,1233,237,1164,324,60,297,832,140,302,395,41,219,0,0,0,1729,473,1964,181,57,520,0,0,0,506,101,2422
2,2005,404,'611020029',110,NO,KG,10079,1833,25042,3253,625,7697,128,22,466,1911,313,4765,553,87,882,860,150,1221,136,25,580,0,0,0,1204,233,3403,54,11,233,0,0,0,1695,310,4795,285,57,1000
2,2005,404,'611020029',111,NO,KG,14800,2624,8187,0,0,0,3883,577,991,0,0,0,2531,511,2429,1703,175,635,4076,579,2311,0,0,0,407,75,370,392,117,205,593,118,387,820,292,358,395,180,501
2,2005,404,'611020029',118,NO,KG,9742,2359,8795,0,0,0,920,228,488,647,130,290,0,0,0,141,42,416,0,0,0,0,0,0,3774,704,2443,2079,480,3854,1791,555,877,390,220,427,0,0,0
2,2005,404,'611020029',121,NO,KG,2843,599,4758,2042,400,3260,0,0,0,423,89,829,0,0,0,0,0,0,0,0,0,0,0,0,378,110,669,0,0,0,0,0,0,0,0,0,0,0,0
2,2005,404,'611020029',123,NO,KG,7417,1417,10486,166,30,413,0,0,0,1838,350,2794,2385,254,1078,1000,230,351,0,0,0,634,120,1835,644,182,2686,750,251,1329,0,0,0,0,0,0,0,0,0
2,2005,404,'611020029',124,NO,KG,225,86,404,0,0,0,0,0,0,0,0,0,0,0,0,0,0,0,0,0,0,0,0,0,0,0,0,0,0,0,225,86,404,0,0,0,0,0,0
2,2005,404,'611020029',129,NO,KG,592,120,1000,592,120,1000,0,0,0,0,0,0,0,0,0,0,0,0,0,0,0,0,0,0,0,0,0,0,0,0,0,0,0,0,0,0,0,0,0
2,2005,404,'611020029',205,NO,KG,7443,1285,26754,158,28,1420,578,95,3479,399,62,3405,0,0,0,0,0,0,0,0,0,932,145,2207,108,32,1138,4689,810,9888,0,0,0,0,0,0,579,113,5217
2,2005,404,'611020029',208,NO,KG,3347,710,12177,372,78,4452,565,68,1617,52,8,593,30,9,239,0,0,0,0,0,0,521,75,1020,1590,430,3451,20,5,210,141,25,299,0,0,0,56,12,296
2,2005,404,'611020029',210,NO,KG,8262,1663,29479,1510,199,6404,1103,207,4895,745,128,4516,37,8,283,0,0,0,1028,198,2541,286,42,704,1960,585,6779,821,179,1207,633,89,1082,40,9,425,99,19,643
2,2005,404,'611020029',213,NO,KG,714,111,1109,0,0,0,0,0,0,0,0,0,0,0,0,0,0,0,0,0,0,0,0,0,0,0,0,714,111,1109,0,0,0,0,0,0,0,0,0
2,2005,404,'611020029',215,NO,KG,95,19,1056,0,0,0,0,0,0,0,0,0,0,0,0,95,19,1056,0,0,0,0,0,0,0,0,0,0,0,0,0,0,0,0,0,0,0,0,0
2,2005,404,'611020029',217,NO,KG,4350,682,8737,0,0,0,217,40,535,34,6,216,828,139,1146,0,0,0,0,0,0,786,142,1374,190,51,685,249,62,622,149,34,409,0,0,0,1897,208,3750
2,2005,404,'611020029',218,NO,KG,463,116,226,0,0,0,463,116,226,0,0,0,0,0,0,0,0,0,0,0,0,0,0,0,0,0,0,0,0,0,0,0,0,0,0,0,0,0,0
2,2005,404,'611020029',220,NO,KG,37528,9147,250930,7185,1542,50623,9338,2149,54759,5280,1148,36430,1588,325,8156,313,34,1116,639,172,4324,4128,1179,26886,2470,531,14415,1774,598,11676,1237,386,8179,1917,587,22303,1659,496,12063
2,2005,404,'611020029',223,NO,KG,611,97,455,0,0,0,0,0,0,611,97,455,0,0,0,0,0,0,0,0,0,0,0,0,0,0,0,0,0,0,0,0,0,0,0,0,0,0,0
2,2005,404,'611020029',230,NO,KG,807,143,1756,0,0,0,807,143,1756,0,0,0,0,0,0,0,0,0,0,0,0,0,0,0,0,0,0,0,0,0,0,0,0,0,0,0,0,0,0
2,2005,404,'611020029',231,NO,KG,108,14,820,0,0,0,0,0,0,0,0,0,0,0,0,0,0,0,0,0,0,0,0,0,0,0,0,0,0,0,0,0,0,0,0,0,108,14,820
2,2005,404,'611020029',232,NO,KG,2110,683,8920,0,0,0,0,0,0,0,0,0,0,0,0,0,0,0,236,96,1122,671,255,2969,89,35,388,576,161,2285,464,125,1818,0,0,0,74,11,338
2,2005,404,'611020029',234,NO,KG,3848,1081,11566,1180,332,3817,430,91,1026,447,107,878,0,0,0,0,0,0,0,0,0,624,178,974,0,0,0,615,173,2671,408,160,1767,144,40,433,0,0,0
2,2005,404,'611020029',239,NO,KG,275,94,1031,0,0,0,150,59,652,0,0,0,0,0,0,0,0,0,125,35,379,0,0,0,0,0,0,0,0,0,0,0,0,0,0,0,0,0,0
2,2005,404,'611020029',246,NO,KG,70,18,738,0,0,0,0,0,0,0,0,0,0,0,0,0,0,0,0,0,0,0,0,0,0,0,0,0,0,0,0,0,0,0,0,0,70,18,738
2,2005,404,'611020029',304,NO,KG,73384,15787,72231,3564,797,2314,5980,1294,6761,7221,1828,6157,3080,834,3057,2989,593,3260,2009,355,1825,12950,1891,10867,19665,4153,18477,4280,1047,6338,3356,735,4208,2881,990,3002,5409,1270,5965
2,2005,404,'611020029',305,NO,KG,1294,253,2431,527,145,713,0,0,0,0,0,0,196,22,266,0,0,0,0,0,0,0,0,0,571,86,1452,0,0,0,0,0,0,0,0,0,0,0,0
2,2005,404,'611020029',306,NO,KG,731,73,1065,0,0,0,0,0,0,731,73,1065,0,0,0,0,0,0,0,0,0,0,0,0,0,0,0,0,0,0,0,0,0,0,0,0,0,0,0
2,2005,404,'611020029',307,NO,KG,1042,192,731,370,92,488,0,0,0,0,0,0,0,0,0,0,0,0,0,0,0,0,0,0,0,0,0,0,0,0,672,100,243,0,0,0,0,0,0
2,2005,404,'611020029',311,NO,KG,420,125,232,0,0,0,0,0,0,420,125,232,0,0,0,0,0,0,0,0,0,0,0,0,0,0,0,0,0,0,0,0,0,0,0,0,0,0,0
2,2005,404,'611020029',407,NO,KG,3608,419,5514,610,26,464,1390,180,2226,1284,177,2311,324,36,513,0,0,0,0,0,0,0,0,0,0,0,0,0,0,0,0,0,0,0,0,0,0,0,0
2,2005,404,'611020029',504,NO,KG,2155,486,8309,235,80,785,482,170,2268,0,0,0,0,0,0,0,0,0,977,156,3569,461,80,1687,0,0,0,0,0,0,0,0,0,0,0,0,0,0,0
2,2005,404,'611020029',605,NO,KG,910,124,372,0,0,0,0,0,0,0,0,0,910,124,372,0,0,0,0,0,0,0,0,0,0,0,0,0,0,0,0,0,0,0,0,0,0,0,0
2,2005,404,'611030011',105,NO,KG,129142,41965,75446,1909,848,2568,861,332,1377,1929,629,3238,2980,1053,1892,0,0,0,5092,997,3929,4017,1413,3884,8378,3148,8821,38042,14332,19675,45761,13294,21323,8669,2018,3496,11504,3901,5243
2,2005,404,'611030011',118,NO,KG,452,152,404,0,0,0,0,0,0,0,0,0,0,0,0,0,0,0,452,152,404,0,0,0,0,0,0,0,0,0,0,0,0,0,0,0,0,0,0
2,2005,404,'611030011',210,NO,KG,93,32,573,0,0,0,0,0,0,0,0,0,0,0,0,0,0,0,80,28,344,0,0,0,13,4,229,0,0,0,0,0,0,0,0,0,0,0,0
2,2005,404,'611030011',220,NO,KG,1200,357,3882,0,0,0,290,73,1079,0,0,0,103,33,503,0,0,0,151,82,284,384,60,745,84,47,451,24,12,232,59,20,257,105,30,331,0,0,0
2,2005,404,'611030011',229,NO,KG,331,48,869,0,0,0,0,0,0,0,0,0,0,0,0,331,48,869,0,0,0,0,0,0,0,0,0,0,0,0,0,0,0,0,0,0,0,0,0
2,2005,404,'611030011',234,NO,KG,2684,1355,9091,0,0,0,0,0,0,223,90,719,0,0,0,0,0,0,70,21,256,501,150,1933,0,0,0,1616,999,5433,114,39,398,0,0,0,160,56,352
2,2005,404,'611030011',240,NO,KG,180,45,1009,0,0,0,0,0,0,0,0,0,0,0,0,0,0,0,0,0,0,0,0,0,0,0,0,180,45,1009,0,0,0,0,0,0,0,0,0
2,2005,404,'611030011',241,NO,KG,434,101,1687,0,0,0,0,0,0,0,0,0,0,0,0,180,26,743,0,0,0,0,0,0,0,0,0,0,0,0,254,75,944,0,0,0,0,0,0
2,2005,404,'611030011',304,NO,KG,628,197,1390,80,25,235,0,0,0,170,34,322,0,0,0,205,81,409,0,0,0,0,0,0,0,0,0,0,0,0,173,57,424,0,0,0,0,0,0
2,2005,404,'611030011',307,NO,KG,250,75,492,0,0,0,0,0,0,0,0,0,0,0,0,0,0,0,0,0,0,0,0,0,250,75,492,0,0,0,0,0,0,0,0,0,0,0,0
2,2005,404,'611030011',407,NO,KG,79,45,925,0,0,0,0,0,0,0,0,0,0,0,0,0,0,0,0,0,0,0,0,0,0,0,0,0,0,0,0,0,0,79,45,925,0,0,0
2,2005,404,'611030012',103,NO,KG,127265,24604,64158,0,0,0,0,0,0,1771,489,1204,665,98,929,1552,265,2086,3634,343,2598,2587,227,1593,2027,266,2362,10377,2143,8942,23716,5109,10586,54791,10932,22433,26145,4732,11425
2,2005,404,'611030012',105,NO,KG,1165628,296463,1240213,55442,15262,87775,29050,6981,45567,50279,11213,61548,41255,8035,47439,14869,2723,15584,17888,3019,13942,26964,6613,37999,60424,13978,70575,198642,55008,216156,246789,67118,264789,176924,45394,171919,247102,61119,206920
2,2005,404,'611030012',106,NO,KG,133,15,326,0,0,0,0,0,0,0,0,0,0,0,0,133,15,326,0,0,0,0,0,0,0,0,0,0,0,0,0,0,0,0,0,0,0,0,0
2,2005,404,'611030012',108,NO,KG,1381,379,7262,0,0,0,0,0,0,82,30,403,27,17,202,0,0,0,0,0,0,0,0,0,661,141,3724,78,39,381,0,0,0,388,107,2251,145,45,301
2,2005,404,'611030012',110,NO,KG,14159,2908,31956,2390,464,11322,0,0,0,510,107,527,737,136,534,0,0,0,120,24,307,1778,240,3159,2318,330,4308,4937,1379,8402,1369,228,3397,0,0,0,0,0,0
2,2005,404,'611030012',111,NO,KG,76,19,236,0,0,0,0,0,0,0,0,0,0,0,0,0,0,0,0,0,0,0,0,0,0,0,0,0,0,0,0,0,0,76,19,236,0,0,0
2,2005,404,'611030012',113,NO,KG,11853,3920,12997,0,0,0,0,0,0,0,0,0,0,0,0,0,0,0,0,0,0,680,220,584,0,0,0,406,140,713,10767,3560,11700,0,0,0,0,0,0
2,2005,404,'611030012',118,NO,KG,291,130,709,0,0,0,0,0,0,0,0,0,0,0,0,0,0,0,0,0,0,0,0,0,291,130,709,0,0,0,0,0,0,0,0,0,0,0,0
2,2005,404,'611030012',123,NO,KG,26,7,249,0,0,0,0,0,0,0,0,0,0,0,0,0,0,0,0,0,0,0,0,0,0,0,0,0,0,0,0,0,0,26,7,249,0,0,0
2,2005,404,'611030012',127,NO,KG,14427,3739,11087,0,0,0,0,0,0,0,0,0,0,0,0,0,0,0,0,0,0,0,0,0,1057,253,577,559,136,569,6858,1872,4853,5188,1279,4434,765,199,654
2,2005,404,'611030012',129,NO,KG,263,129,738,0,0,0,0,0,0,0,0,0,0,0,0,0,0,0,0,0,0,0,0,0,0,0,0,0,0,0,60,9,268,203,120,470,0,0,0
2,2005,404,'611030012',208,NO,KG,203,64,1078,0,0,0,0,0,0,0,0,0,0,0,0,0,0,0,0,0,0,0,0,0,135,37,756,68,27,322,0,0,0,0,0,0,0,0,0
2,2005,404,'611030012',210,NO,KG,4191,1235,22601,0,0,0,487,120,2397,0,0,0,0,0,0,0,0,0,0,0,0,115,32,1252,1888,588,13403,587,190,2059,690,218,2292,424,87,1198,0,0,0
2,2005,404,'611030012',218,NO,KG,1181,274,2019,0,0,0,0,0,0,0,0,0,0,0,0,0,0,0,0,0,0,0,0,0,99,24,414,436,83,704,233,58,413,177,54,235,236,55,253
2,2005,404,'611030012',220,NO,KG,27996,7768,132061,235,79,1537,708,164,5102,449,134,1864,351,85,2351,351,79,2663,119,62,363,2858,1107,22095,14226,3564,55830,5692,1688,28147,1428,456,7884,1270,309,2487,309,41,1738
2,2005,404,'611030012',230,NO,KG,306,145,2486,0,0,0,78,18,573,0,0,0,0,0,0,0,0,0,0,0,0,0,0,0,0,0,0,228,127,1913,0,0,0,0,0,0,0,0,0
2,2005,404,'611030012',231,NO,KG,220,71,1509,27,9,249,57,17,531,0,0,0,0,0,0,0,0,0,0,0,0,0,0,0,0,0,0,71,22,363,65,23,366,0,0,0,0,0,0
2,2005,404,'611030012',234,NO,KG,1741,650,6438,0,0,0,0,0,0,0,0,0,0,0,0,0,0,0,0,0,0,0,0,0,211,66,1226,838,249,3432,54,15,323,638,320,1457,0,0,0
2,2005,404,'611030012',237,NO,KG,33,8,228,0,0,0,0,0,0,0,0,0,0,0,0,0,0,0,0,0,0,0,0,0,0,0,0,0,0,0,0,0,0,33,8,228,0,0,0
2,2005,404,'611030012',302,NO,KG,66,24,362,0,0,0,0,0,0,0,0,0,0,0,0,66,24,362,0,0,0,0,0,0,0,0,0,0,0,0,0,0,0,0,0,0,0,0,0
2,2005,404,'611030012',304,NO,KG,706,221,2898,0,0,0,0,0,0,20,6,342,0,0,0,0,0,0,0,0,0,0,0,0,172,69,711,0,0,0,101,43,553,237,83,1042,176,20,250
2,2005,404,'611030012',410,NO,KG,76,38,437,0,0,0,0,0,0,0,0,0,0,0,0,0,0,0,76,38,437,0,0,0,0,0,0,0,0,0,0,0,0,0,0,0,0,0,0
2,2005,404,'611030012',502,NO,KG,447,146,2707,0,0,0,0,0,0,0,0,0,0,0,0,0,0,0,0,0,0,0,0,0,0,0,0,447,146,2707,0,0,0,0,0,0,0,0,0
2,2005,404,'611030012',504,NO,KG,14435,3513,14453,458,141,274,956,191,611,1772,384,956,1206,271,835,0,0,0,198,81,941,74,30,352,1722,423,4144,587,149,1656,3344,853,2081,2392,538,1530,1726,452,1073
2,2005,404,'611030012',601,NO,KG,23,5,220,0,0,0,0,0,0,0,0,0,0,0,0,0,0,0,0,0,0,23,5,220,0,0,0,0,0,0,0,0,0,0,0,0,0,0,0
2,2005,404,'611030013',105,NO,KG,1327,219,1800,0,0,0,123,25,234,875,145,1075,0,0,0,0,0,0,329,49,491,0,0,0,0,0,0,0,0,0,0,0,0,0,0,0,0,0,0
2,2005,404,'611030013',220,NO,KG,239,48,1906,0,0,0,0,0,0,174,29,1501,0,0,0,0,0,0,0,0,0,0,0,0,65,19,405,0,0,0,0,0,0,0,0,0,0,0,0
2,2005,404,'611030014',103,NO,KG,307559,59939,155957,499,125,1136,2456,641,831,17540,4354,5224,7133,1081,4195,10314,1532,9516,7507,1007,5897,5259,724,4577,18032,3159,15364,44479,8077,26326,71883,13951,31383,91093,19216,36542,31364,6072,14966
2,2005,404,'611030014',105,NO,KG,1065170,281193,836286,47427,9300,39184,39732,11423,37340,121137,26401,95394,93414,17672,63095,21209,3439,17195,28330,6077,19605,79535,16708,52964,132678,32786,101145,137030,41172,110379,164416,51420,125705,126830,39567,109028,73432,25228,65252
2,2005,404,'611030014',106,NO,KG,3922,1792,6702,0,0,0,0,0,0,0,0,0,2756,1240,1891,0,0,0,125,34,513,91,63,560,0,0,0,666,399,3264,0,0,0,284,56,474,0,0,0
2,2005,404,'611030014',108,NO,KG,56,12,407,0,0,0,0,0,0,0,0,0,0,0,0,0,0,0,0,0,0,0,0,0,0,0,0,0,0,0,0,0,0,0,0,0,56,12,407
2,2005,404,'611030014',110,NO,KG,7790,2606,13516,557,131,1272,1321,297,2082,752,162,1429,459,71,987,0,0,0,0,0,0,0,0,0,4264,1706,6293,374,189,1161,0,0,0,63,50,292,0,0,0
2,2005,404,'611030014',111,NO,KG,26972,7115,16736,869,217,1086,3211,1439,3554,1037,321,884,0,0,0,1689,389,201,200,18,359,0,0,0,1466,577,1532,1958,861,2499,10001,1772,3693,6107,1391,2595,434,130,333
2,2005,404,'611030014',113,NO,KG,1810,974,3620,0,0,0,0,0,0,58,25,213,285,142,658,0,0,0,158,125,473,0,0,0,0,0,0,0,0,0,109,61,406,0,0,0,1200,621,1870
2,2005,404,'611030014',117,NO,KG,395,233,1749,58,30,231,52,19,210,37,24,238,0,0,0,137,90,526,0,0,0,0,0,0,0,0,0,0,0,0,111,70,544,0,0,0,0,0,0
2,2005,404,'611030014',118,NO,KG,25522,5811,24500,302,125,1030,158,49,535,23184,5068,17832,0,0,0,0,0,0,0,0,0,778,120,573,271,123,1191,261,112,331,420,169,2131,148,45,877,0,0,0
2,2005,404,'611030014',120,NO,KG,892,426,926,0,0,0,0,0,0,0,0,0,292,137,339,0,0,0,0,0,0,0,0,0,0,0,0,0,0,0,0,0,0,600,289,587,0,0,0
2,2005,404,'611030014',122,NO,KG,173,37,214,0,0,0,173,37,214,0,0,0,0,0,0,0,0,0,0,0,0,0,0,0,0,0,0,0,0,0,0,0,0,0,0,0,0,0,0
2,2005,404,'611030014',123,NO,KG,2194,405,2818,0,0,0,76,30,384,568,35,373,671,48,327,0,0,0,0,0,0,0,0,0,251,50,497,0,0,0,411,204,766,0,0,0,217,38,471
2,2005,404,'611030014',124,NO,KG,150,146,379,0,0,0,0,0,0,0,0,0,0,0,0,0,0,0,0,0,0,0,0,0,0,0,0,0,0,0,0,0,0,150,146,379,0,0,0
2,2005,404,'611030014',129,NO,KG,36,18,204,0,0,0,0,0,0,0,0,0,0,0,0,0,0,0,0,0,0,0,0,0,0,0,0,0,0,0,0,0,0,36,18,204,0,0,0
2,2005,404,'611030014',205,NO,KG,5025,2485,15082,606,100,1751,0,0,0,0,0,0,33,15,210,0,0,0,0,0,0,0,0,0,4386,2370,13121,0,0,0,0,0,0,0,0,0,0,0,0
2,2005,404,'611030014',210,NO,KG,667,157,4497,60,9,565,57,10,660,0,0,0,0,0,0,0,0,0,0,0,0,100,31,700,80,16,1020,319,72,1088,51,19,464,0,0,0,0,0,0
2,2005,404,'611030014',217,NO,KG,31609,16874,99231,2447,1200,7256,114,45,575,56,18,337,126,58,657,0,0,0,10042,6150,30479,1668,596,5043,461,144,4072,399,127,620,6595,3459,21348,6600,3682,19432,3101,1395,9412
2,2005,404,'611030014',220,NO,KG,12844,2496,52816,269,102,4315,1372,224,5098,1364,214,3552,1145,151,3376,1480,259,4043,1343,312,5792,924,152,2361,2977,623,12900,889,204,6583,590,118,2663,390,118,1903,101,19,230
2,2005,404,'611030014',222,NO,KG,119,50,278,0,0,0,0,0,0,0,0,0,0,0,0,0,0,0,0,0,0,0,0,0,0,0,0,0,0,0,0,0,0,119,50,278,0,0,0
2,2005,404,'611030014',223,NO,KG,169,33,508,0,0,0,0,0,0,0,0,0,0,0,0,0,0,0,120,21,305,0,0,0,49,12,203,0,0,0,0,0,0,0,0,0,0,0,0
2,2005,404,'611030014',229,NO,KG,188,30,447,0,0,0,0,0,0,188,30,447,0,0,0,0,0,0,0,0,0,0,0,0,0,0,0,0,0,0,0,0,0,0,0,0,0,0,0
2,2005,404,'611030014',230,NO,KG,175,53,1338,175,53,1338,0,0,0,0,0,0,0,0,0,0,0,0,0,0,0,0,0,0,0,0,0,0,0,0,0,0,0,0,0,0,0,0,0
2,2005,404,'611030014',231,NO,KG,221,104,756,0,0,0,0,0,0,0,0,0,0,0,0,0,0,0,0,0,0,0,0,0,150,70,501,0,0,0,71,34,255,0,0,0,0,0,0
2,2005,404,'611030014',232,NO,KG,116,25,315,0,0,0,0,0,0,116,25,315,0,0,0,0,0,0,0,0,0,0,0,0,0,0,0,0,0,0,0,0,0,0,0,0,0,0,0
2,2005,404,'611030014',234,NO,KG,965,263,1804,0,0,0,0,0,0,92,32,285,29,15,226,0,0,0,0,0,0,0,0,0,75,16,213,267,100,632,0,0,0,0,0,0,502,100,448
2,2005,404,'611030014',236,NO,KG,105,38,464,0,0,0,0,0,0,0,0,0,0,0,0,0,0,0,0,0,0,0,0,0,0,0,0,0,0,0,105,38,464,0,0,0,0,0,0
2,2005,404,'611030014',240,NO,KG,445,99,1612,0,0,0,0,0,0,0,0,0,0,0,0,319,66,1040,0,0,0,0,0,0,0,0,0,126,33,572,0,0,0,0,0,0,0,0,0
2,2005,404,'611030014',241,NO,KG,444,120,1916,0,0,0,0,0,0,444,120,1916,0,0,0,0,0,0,0,0,0,0,0,0,0,0,0,0,0,0,0,0,0,0,0,0,0,0,0
2,2005,404,'611030014',245,NO,KG,42,2,249,42,2,249,0,0,0,0,0,0,0,0,0,0,0,0,0,0,0,0,0,0,0,0,0,0,0,0,0,0,0,0,0,0,0,0,0
2,2005,404,'611030014',246,NO,KG,24,6,332,0,0,0,0,0,0,0,0,0,0,0,0,0,0,0,0,0,0,24,6,332,0,0,0,0,0,0,0,0,0,0,0,0,0,0,0
2,2005,404,'611030014',302,NO,KG,2784,770,8205,0,0,0,710,142,1934,1076,294,2382,0,0,0,0,0,0,74,29,362,399,130,1001,114,31,631,318,103,1198,44,20,344,0,0,0,49,21,353
2,2005,404,'611030014',304,NO,KG,4790,1318,14337,441,91,1030,255,91,833,509,150,1323,396,129,965,460,70,1028,534,223,1339,958,192,3488,133,20,489,379,93,1384,504,174,1708,221,85,750,0,0,0
2,2005,404,'611030014',305,NO,KG,489,135,1730,0,0,0,0,0,0,0,0,0,0,0,0,0,0,0,0,0,0,0,0,0,0,0,0,371,80,1029,0,0,0,118,55,701,0,0,0
2,2005,404,'611030014',307,NO,KG,330,82,272,0,0,0,330,82,272,0,0,0,0,0,0,0,0,0,0,0,0,0,0,0,0,0,0,0,0,0,0,0,0,0,0,0,0,0,0
2,2005,404,'611030014',407,NO,KG,31,6,238,0,0,0,0,0,0,0,0,0,0,0,0,0,0,0,0,0,0,0,0,0,31,6,238,0,0,0,0,0,0,0,0,0,0,0,0
2,2005,404,'611030014',410,NO,KG,151,29,897,0,0,0,0,0,0,0,0,0,0,0,0,0,0,0,0,0,0,0,0,0,0,0,0,0,0,0,0,0,0,0,0,0,151,29,897
2,2005,404,'611030014',502,NO,KG,53,17,316,0,0,0,0,0,0,0,0,0,0,0,0,0,0,0,0,0,0,0,0,0,0,0,0,53,17,316,0,0,0,0,0,0,0,0,0
2,2005,404,'611030014',606,NO,KG,41,13,394,0,0,0,0,0,0,0,0,0,0,0,0,0,0,0,0,0,0,0,0,0,0,0,0,0,0,0,0,0,0,0,0,0,41,13,394
2,2005,404,'611030014',627,NO,KG,295,187,246,0,0,0,0,0,0,0,0,0,0,0,0,0,0,0,0,0,0,0,0,0,0,0,0,295,187,246,0,0,0,0,0,0,0,0,0
2,2005,404,'611030015',103,NO,KG,7666,1358,4407,0,0,0,0,0,0,2722,646,947,0,0,0,1032,105,796,0,0,0,1373,100,857,292,64,210,817,157,971,1320,264,363,0,0,0,110,22,263
2,2005,404,'611030015',105,NO,KG,145365,28350,183516,12724,2512,11751,11527,2209,13232,11755,2374,10026,19961,3516,19665,2798,505,4873,314,80,388,8861,1637,11199,22428,4229,30989,19752,3816,23261,10007,2450,18167,15887,3412,25299,9351,1610,14666
2,2005,404,'611030015',106,NO,KG,713,187,1627,0,0,0,0,0,0,0,0,0,0,0,0,0,0,0,0,0,0,0,0,0,0,0,0,0,0,0,713,187,1627,0,0,0,0,0,0
2,2005,404,'611030015',108,NO,KG,365,92,1784,0,0,0,0,0,0,0,0,0,0,0,0,136,24,730,0,0,0,0,0,0,229,68,1054,0,0,0,0,0,0,0,0,0,0,0,0
2,2005,404,'611030015',110,NO,KG,1789,739,6695,177,90,680,94,32,352,387,124,1529,75,18,306,74,17,299,0,0,0,0,0,0,0,0,0,708,347,2389,0,0,0,274,111,1140,0,0,0
2,2005,404,'611030015',113,NO,KG,629,175,632,319,82,334,0,0,0,0,0,0,0,0,0,0,0,0,0,0,0,0,0,0,0,0,0,0,0,0,310,93,298,0,0,0,0,0,0
2,2005,404,'611030015',117,NO,KG,561,226,2104,0,0,0,0,0,0,87,30,306,0,0,0,410,184,1520,0,0,0,0,0,0,0,0,0,0,0,0,64,12,278,0,0,0,0,0,0
2,2005,404,'611030015',118,NO,KG,4026,1249,6737,0,0,0,0,0,0,3263,891,3629,188,60,267,0,0,0,575,298,2841,0,0,0,0,0,0,0,0,0,0,0,0,0,0,0,0,0,0
2,2005,404,'611030015',120,NO,KG,853,222,916,0,0,0,0,0,0,0,0,0,0,0,0,0,0,0,0,0,0,0,0,0,0,0,0,610,164,639,243,58,277,0,0,0,0,0,0
2,2005,404,'611030015',129,NO,KG,277,161,349,0,0,0,0,0,0,0,0,0,0,0,0,0,0,0,0,0,0,0,0,0,0,0,0,0,0,0,277,161,349,0,0,0,0,0,0
2,2005,404,'611030015',205,NO,KG,54,10,278,0,0,0,0,0,0,54,10,278,0,0,0,0,0,0,0,0,0,0,0,0,0,0,0,0,0,0,0,0,0,0,0,0,0,0,0
2,2005,404,'611030015',207,NO,KG,213,53,1146,0,0,0,0,0,0,0,0,0,0,0,0,0,0,0,0,0,0,0,0,0,103,27,575,0,0,0,110,26,571,0,0,0,0,0,0
2,2005,404,'611030015',208,NO,KG,21,4,296,0,0,0,0,0,0,0,0,0,0,0,0,0,0,0,0,0,0,0,0,0,0,0,0,0,0,0,0,0,0,0,0,0,21,4,296
2,2005,404,'611030015',210,NO,KG,545,142,4339,60,10,351,46,7,513,0,0,0,0,0,0,0,0,0,0,0,0,155,40,1125,166,42,1019,118,43,1331,0,0,0,0,0,0,0,0,0
2,2005,404,'611030015',217,NO,KG,40,19,221,0,0,0,0,0,0,40,19,221,0,0,0,0,0,0,0,0,0,0,0,0,0,0,0,0,0,0,0,0,0,0,0,0,0,0,0
2,2005,404,'611030015',220,NO,KG,16248,4148,103253,944,186,9731,2628,475,10746,1919,417,10127,299,51,1737,219,28,794,353,104,2687,1321,379,10316,4616,1299,30173,2517,808,17494,809,260,4909,567,127,3739,56,14,800
2,2005,404,'611030015',225,NO,KG,85,23,661,0,0,0,0,0,0,0,0,0,0,0,0,0,0,0,0,0,0,85,23,661,0,0,0,0,0,0,0,0,0,0,0,0,0,0,0
2,2005,404,'611030015',231,NO,KG,169,64,1422,0,0,0,0,0,0,0,0,0,0,0,0,0,0,0,0,0,0,27,10,237,60,22,432,82,32,753,0,0,0,0,0,0,0,0,0
2,2005,404,'611030015',234,NO,KG,379,102,1773,0,0,0,0,0,0,0,0,0,0,0,0,0,0,0,0,0,0,0,0,0,188,45,764,191,57,1009,0,0,0,0,0,0,0,0,0
2,2005,404,'611030015',245,NO,KG,163,56,1374,0,0,0,0,0,0,0,0,0,0,0,0,0,0,0,86,29,725,77,27,649,0,0,0,0,0,0,0,0,0,0,0,0,0,0,0
2,2005,404,'611030015',246,NO,KG,101,14,486,0,0,0,0,0,0,0,0,0,101,14,486,0,0,0,0,0,0,0,0,0,0,0,0,0,0,0,0,0,0,0,0,0,0,0,0
2,2005,404,'611030015',302,NO,KG,155,69,886,61,33,222,0,0,0,0,0,0,94,36,664,0,0,0,0,0,0,0,0,0,0,0,0,0,0,0,0,0,0,0,0,0,0,0,0
2,2005,404,'611030015',304,NO,KG,1619,410,4240,0,0,0,480,145,373,0,0,0,185,55,379,0,0,0,81,35,306,774,155,2915,99,20,267,0,0,0,0,0,0,0,0,0,0,0,0
2,2005,404,'611030015',305,NO,KG,15,13,203,0,0,0,0,0,0,0,0,0,0,0,0,0,0,0,0,0,0,0,0,0,0,0,0,0,0,0,0,0,0,0,0,0,15,13,203
2,2005,404,'611030015',410,NO,KG,31,5,212,0,0,0,0,0,0,0,0,0,0,0,0,0,0,0,0,0,0,0,0,0,31,5,212,0,0,0,0,0,0,0,0,0,0,0,0
2,2005,404,'611030015',504,NO,KG,588,208,2648,0,0,0,0,0,0,22,6,290,0,0,0,0,0,0,330,117,1362,236,85,996,0,0,0,0,0,0,0,0,0,0,0,0,0,0,0
2,2005,404,'611030015',625,NO,KG,352,176,638,0,0,0,0,0,0,0,0,0,0,0,0,0,0,0,0,0,0,0,0,0,0,0,0,352,176,638,0,0,0,0,0,0,0,0,0
2,2005,404,'611030016',103,NO,KG,42302,7330,29956,2200,294,4323,0,0,0,2426,332,1845,7650,907,3767,1588,220,1474,1622,214,1319,1041,158,1215,2583,389,3036,5964,1374,3433,3248,562,2597,10563,2147,5560,3417,733,1387
2,2005,404,'611030016',105,NO,KG,661672,138624,1037725,55672,12725,94342,64934,12998,92550,74912,14317,98280,74817,12934,86382,20424,3642,28805,24832,4234,29858,36369,7019,70121,71059,14896,139142,72748,17651,116003,65298,15478,111389,50348,11646,81253,50259,11084,89600
2,2005,404,'611030016',106,NO,KG,152,27,951,0,0,0,0,0,0,0,0,0,0,0,0,0,0,0,0,0,0,0,0,0,0,0,0,152,27,951,0,0,0,0,0,0,0,0,0
2,2005,404,'611030016',108,NO,KG,4051,875,12634,766,192,3214,0,0,0,67,13,202,255,87,1008,0,0,0,0,0,0,987,182,1224,217,48,896,1183,209,1114,0,0,0,253,41,1490,323,103,3486
2,2005,404,'611030016',110,NO,KG,8362,1833,24698,1014,235,3097,180,39,849,307,47,1127,0,0,0,0,0,0,816,168,3133,120,41,776,1725,301,4000,2613,708,7645,1267,237,2909,0,0,0,320,57,1162
2,2005,404,'611030016',111,NO,KG,1347,228,1777,0,0,0,395,98,734,857,104,265,0,0,0,0,0,0,62,20,510,33,6,268,0,0,0,0,0,0,0,0,0,0,0,0,0,0,0
2,2005,404,'611030016',113,NO,KG,4726,1189,4072,238,47,216,258,51,244,0,0,0,192,38,201,0,0,0,0,0,0,0,0,0,0,0,0,0,0,0,230,64,232,374,55,293,3434,934,2886
2,2005,404,'611030016',118,NO,KG,1400,310,2281,0,0,0,0,0,0,0,0,0,0,0,0,269,50,1004,0,0,0,0,0,0,0,0,0,0,0,0,0,0,0,212,43,228,919,217,1049
2,2005,404,'611030016',120,NO,KG,23590,5832,17944,0,0,0,170,34,204,0,0,0,936,221,1183,0,0,0,594,184,460,656,85,461,472,136,317,2852,745,2085,8806,2166,6507,6322,1563,4629,2782,698,2098
2,2005,404,'611030016',123,NO,KG,104,20,463,0,0,0,0,0,0,0,0,0,0,0,0,44,8,229,0,0,0,0,0,0,60,12,234,0,0,0,0,0,0,0,0,0,0,0,0
2,2005,404,'611030016',125,NO,KG,3974,992,4329,2131,569,2093,1372,320,1573,202,50,380,269,53,283,0,0,0,0,0,0,0,0,0,0,0,0,0,0,0,0,0,0,0,0,0,0,0,0
2,2005,404,'611030016',129,NO,KG,318,100,1084,0,0,0,238,59,702,0,0,0,0,0,0,0,0,0,0,0,0,0,0,0,0,0,0,80,41,382,0,0,0,0,0,0,0,0,0
2,2005,404,'611030016',207,NO,KG,49,15,345,0,0,0,0,0,0,0,0,0,0,0,0,0,0,0,0,0,0,0,0,0,0,0,0,49,15,345,0,0,0,0,0,0,0,0,0
2,2005,404,'611030016',208,NO,KG,359,131,4130,0,0,0,0,0,0,0,0,0,0,0,0,0,0,0,0,0,0,162,65,1780,115,30,786,82,36,1564,0,0,0,0,0,0,0,0,0
2,2005,404,'611030016',210,NO,KG,2469,624,17332,181,57,1714,495,122,4290,373,72,2147,184,48,1082,74,11,290,0,0,0,25,6,411,655,131,3262,253,99,2569,156,52,511,38,17,358,35,9,698
2,2005,404,'611030016',213,NO,KG,29,6,299,0,0,0,0,0,0,0,0,0,0,0,0,0,0,0,0,0,0,0,0,0,29,6,299,0,0,0,0,0,0,0,0,0,0,0,0
2,2005,404,'611030016',217,NO,KG,2937,651,3879,162,43,481,0,0,0,402,60,951,350,101,222,0,0,0,0,0,0,97,15,319,196,44,581,0,0,0,1356,321,1019,374,67,306,0,0,0
2,2005,404,'611030016',218,NO,KG,805,169,1928,0,0,0,0,0,0,36,7,310,0,0,0,0,0,0,0,0,0,0,0,0,0,0,0,149,33,1149,0,0,0,620,129,469,0,0,0
2,2005,404,'611030016',220,NO,KG,78554,20769,626023,6867,1999,80259,11698,2875,96264,8885,2187,76181,1685,394,17032,1675,400,9605,2804,669,28060,10495,2941,99676,16081,4232,93114,8658,2421,54231,2156,644,18865,2538,729,14703,5012,1278,38033
2,2005,404,'611030016',231,NO,KG,3908,980,25032,1002,203,5831,544,104,2709,285,71,2058,0,0,0,157,46,916,433,127,3133,410,106,2913,72,18,485,315,94,2014,53,18,278,248,82,1946,389,111,2749
2,2005,404,'611030016',234,NO,KG,1615,414,3450,0,0,0,99,13,305,0,0,0,600,151,1795,0,0,0,0,0,0,175,118,368,280,32,226,58,20,289,0,0,0,0,0,0,403,80,467
2,2005,404,'611030016',238,NO,KG,108,30,457,0,0,0,44,11,212,0,0,0,0,0,0,0,0,0,0,0,0,0,0,0,0,0,0,0,0,0,0,0,0,64,19,245,0,0,0
2,2005,404,'611030016',240,NO,KG,597,110,3014,73,20,433,524,90,2581,0,0,0,0,0,0,0,0,0,0,0,0,0,0,0,0,0,0,0,0,0,0,0,0,0,0,0,0,0,0
2,2005,404,'611030016',241,NO,KG,39,11,316,0,0,0,39,11,316,0,0,0,0,0,0,0,0,0,0,0,0,0,0,0,0,0,0,0,0,0,0,0,0,0,0,0,0,0,0
2,2005,404,'611030016',245,NO,KG,906,206,6494,499,102,3615,292,63,1881,0,0,0,0,0,0,0,0,0,0,0,0,0,0,0,0,0,0,0,0,0,0,0,0,0,0,0,115,41,998
2,2005,404,'611030016',246,NO,KG,539,114,2812,71,12,356,355,79,1968,0,0,0,0,0,0,0,0,0,46,8,203,0,0,0,0,0,0,0,0,0,67,15,285,0,0,0,0,0,0
2,2005,404,'611030016',304,NO,KG,579,114,2442,122,24,402,36,8,238,0,0,0,0,0,0,190,30,477,3,3,250,0,0,0,0,0,0,228,49,1075,0,0,0,0,0,0,0,0,0
2,2005,404,'611030016',408,NO,KG,44,15,294,0,0,0,0,0,0,44,15,294,0,0,0,0,0,0,0,0,0,0,0,0,0,0,0,0,0,0,0,0,0,0,0,0,0,0,0
2,2005,404,'611030016',410,NO,KG,60,24,341,0,0,0,0,0,0,0,0,0,0,0,0,0,0,0,0,0,0,0,0,0,60,24,341,0,0,0,0,0,0,0,0,0,0,0,0
2,2005,404,'611030016',501,NO,KG,618,176,2141,0,0,0,202,60,1800,0,0,0,0,0,0,0,0,0,0,0,0,0,0,0,0,0,0,0,0,0,0,0,0,0,0,0,416,116,341
2,2005,404,'611030016',504,NO,KG,50,13,543,0,0,0,0,0,0,0,0,0,0,0,0,0,0,0,0,0,0,50,13,543,0,0,0,0,0,0,0,0,0,0,0,0,0,0,0
2,2005,404,'611030021',103,NO,KG,612,161,850,0,0,0,0,0,0,0,0,0,173,34,234,439,127,616,0,0,0,0,0,0,0,0,0,0,0,0,0,0,0,0,0,0,0,0,0
2,2005,404,'611030021',105,NO,KG,4715,1280,5143,0,0,0,552,134,1322,630,157,1105,0,0,0,0,0,0,114,23,241,0,0,0,0,0,0,1922,511,953,1123,362,1196,0,0,0,374,93,326
2,2005,404,'611030021',111,NO,KG,182,64,336,0,0,0,0,0,0,0,0,0,0,0,0,0,0,0,0,0,0,0,0,0,0,0,0,0,0,0,182,64,336,0,0,0,0,0,0
2,2005,404,'611030021',118,NO,KG,1132,411,1347,0,0,0,1132,411,1347,0,0,0,0,0,0,0,0,0,0,0,0,0,0,0,0,0,0,0,0,0,0,0,0,0,0,0,0,0,0
2,2005,404,'611030021',220,NO,KG,20,7,310,0,0,0,0,0,0,0,0,0,0,0,0,0,0,0,0,0,0,0,0,0,0,0,0,0,0,0,0,0,0,20,7,310,0,0,0
2,2005,404,'611030021',234,NO,KG,515,151,533,0,0,0,0,0,0,515,151,533,0,0,0,0,0,0,0,0,0,0,0,0,0,0,0,0,0,0,0,0,0,0,0,0,0,0,0
2,2005,404,'611030021',304,NO,KG,196,109,762,0,0,0,0,0,0,0,0,0,0,0,0,0,0,0,0,0,0,0,0,0,64,39,243,57,31,219,75,39,300,0,0,0,0,0,0
2,2005,404,'611030022',103,NO,KG,26222,5365,18285,3884,700,2561,0,0,0,1323,323,495,0,0,0,0,0,0,313,66,427,0,0,0,1179,184,1420,5225,1035,3899,6245,1204,4195,5226,1169,4057,2827,684,1231
2,2005,404,'611030022',105,NO,KG,1075359,239185,970129,54895,12908,52979,20392,5262,26464,91095,18676,83731,51974,8938,48665,40566,5936,34387,29335,4420,30026,42086,7396,44572,57475,12851,59588,182698,42813,160358,227531,58122,187618,160307,34588,138816,117005,27275,102925
2,2005,404,'611030022',108,NO,KG,3669,610,4996,0,0,0,333,38,457,124,42,256,0,0,0,194,23,375,0,0,0,0,0,0,0,0,0,620,137,908,335,48,303,1206,210,1830,857,112,867
2,2005,404,'611030022',110,NO,KG,20172,3908,24510,5345,1130,5971,2360,528,1808,4956,768,3922,1175,277,1140,0,0,0,0,0,0,775,143,2165,1179,180,2516,1221,216,2340,112,15,254,0,0,0,3049,651,4394
2,2005,404,'611030022',113,NO,KG,9641,3360,8257,0,0,0,0,0,0,0,0,0,0,0,0,0,0,0,0,0,0,0,0,0,0,0,0,4034,1410,3560,5607,1950,4697,0,0,0,0,0,0
2,2005,404,'611030022',118,NO,KG,1255,368,1301,730,261,853,525,107,448,0,0,0,0,0,0,0,0,0,0,0,0,0,0,0,0,0,0,0,0,0,0,0,0,0,0,0,0,0,0
2,2005,404,'611030022',205,NO,KG,915,308,2420,0,0,0,0,0,0,0,0,0,0,0,0,0,0,0,0,0,0,0,0,0,0,0,0,0,0,0,0,0,0,915,308,2420,0,0,0
2,2005,404,'611030022',210,NO,KG,2638,833,10699,76,12,211,80,15,326,0,0,0,0,0,0,0,0,0,0,0,0,0,0,0,982,220,4984,31,12,370,151,43,457,1133,440,3661,185,91,690
2,2005,404,'611030022',213,NO,KG,91,29,290,0,0,0,0,0,0,0,0,0,0,0,0,0,0,0,0,0,0,0,0,0,0,0,0,91,29,290,0,0,0,0,0,0,0,0,0
2,2005,404,'611030022',218,NO,KG,429,125,509,0,0,0,0,0,0,0,0,0,0,0,0,0,0,0,0,0,0,0,0,0,52,31,286,0,0,0,377,94,223,0,0,0,0,0,0
2,2005,404,'611030022',220,NO,KG,5242,1365,19605,248,105,855,234,35,570,46,13,211,124,25,771,0,0,0,0,0,0,344,90,1675,1764,443,6366,1205,280,4194,1217,356,4218,60,18,745,0,0,0
2,2005,404,'611030022',231,NO,KG,95,18,601,0,0,0,0,0,0,0,0,0,0,0,0,0,0,0,0,0,0,0,0,0,0,0,0,35,6,214,60,12,387,0,0,0,0,0,0
2,2005,404,'611030022',238,NO,KG,93,34,566,0,0,0,0,0,0,0,0,0,0,0,0,0,0,0,0,0,0,0,0,0,0,0,0,0,0,0,39,14,217,0,0,0,54,20,349
2,2005,404,'611030022',304,NO,KG,751,73,787,0,0,0,0,0,0,0,0,0,0,0,0,0,0,0,0,0,0,0,0,0,187,37,576,0,0,0,564,36,211,0,0,0,0,0,0
2,2005,404,'611030023',105,NO,KG,1814,258,3884,0,0,0,0,0,0,193,48,271,0,0,0,0,0,0,0,0,0,1621,210,3613,0,0,0,0,0,0,0,0,0,0,0,0,0,0,0
2,2005,404,'611030024',103,NO,KG,82607,13914,52830,0,0,0,2604,360,1772,3776,455,3347,4956,966,3086,1643,237,1608,3834,584,3086,6953,899,4690,3915,576,3141,16867,2855,7318,8893,2059,3420,13765,2308,9871,15401,2615,11491
2,2005,404,'611030024',105,NO,KG,312928,61882,232878,29082,6611,18392,21870,4724,14659,55336,9973,47405,31276,5637,28390,13461,1886,8673,13836,1922,6429,20604,3610,13660,29284,6482,21980,35753,7198,20613,25791,6116,17265,16329,3839,20429,20306,3884,14983
2,2005,404,'611030024',108,NO,KG,538,104,494,0,0,0,0,0,0,0,0,0,441,84,273,0,0,0,0,0,0,0,0,0,0,0,0,0,0,0,0,0,0,97,20,221,0,0,0
2,2005,404,'611030024',110,NO,KG,2000,248,2235,0,0,0,304,57,1251,100,10,261,0,0,0,0,0,0,0,0,0,0,0,0,1425,165,354,171,16,369,0,0,0,0,0,0,0,0,0
2,2005,404,'611030024',111,NO,KG,1200,220,842,0,0,0,0,0,0,0,0,0,0,0,0,0,0,0,0,0,0,0,0,0,0,0,0,0,0,0,0,0,0,0,0,0,1200,220,842
2,2005,404,'611030024',118,NO,KG,1313,242,1097,0,0,0,0,0,0,0,0,0,0,0,0,0,0,0,0,0,0,1313,242,1097,0,0,0,0,0,0,0,0,0,0,0,0,0,0,0
2,2005,404,'611030024',123,NO,KG,1497,300,2652,0,0,0,0,0,0,0,0,0,0,0,0,0,0,0,0,0,0,0,0,0,1497,300,2652,0,0,0,0,0,0,0,0,0,0,0,0
2,2005,404,'611030024',210,NO,KG,46,16,411,0,0,0,0,0,0,0,0,0,0,0,0,0,0,0,0,0,0,0,0,0,0,0,0,46,16,411,0,0,0,0,0,0,0,0,0
2,2005,404,'611030024',217,NO,KG,466,157,587,0,0,0,0,0,0,466,157,587,0,0,0,0,0,0,0,0,0,0,0,0,0,0,0,0,0,0,0,0,0,0,0,0,0,0,0
2,2005,404,'611030024',220,NO,KG,2163,434,8813,42,10,250,457,72,1183,274,32,532,0,0,0,310,32,840,206,96,2070,322,75,1918,327,56,935,225,61,1085,0,0,0,0,0,0,0,0,0
2,2005,404,'611030024',302,NO,KG,274,71,426,0,0,0,0,0,0,0,0,0,0,0,0,0,0,0,0,0,0,274,71,426,0,0,0,0,0,0,0,0,0,0,0,0,0,0,0
2,2005,404,'611030024',304,NO,KG,1317,310,1276,0,0,0,0,0,0,110,28,209,0,0,0,0,0,0,900,180,465,0,0,0,0,0,0,0,0,0,0,0,0,307,102,602,0,0,0
2,2005,404,'611030024',307,NO,KG,724,145,262,0,0,0,0,0,0,0,0,0,0,0,0,0,0,0,724,145,262,0,0,0,0,0,0,0,0,0,0,0,0,0,0,0,0,0,0
2,2005,404,'611030025',103,NO,KG,1655,244,1542,479,89,647,0,0,0,0,0,0,0,0,0,976,139,688,200,16,207,0,0,0,0,0,0,0,0,0,0,0,0,0,0,0,0,0,0
2,2005,404,'611030025',105,NO,KG,109642,21109,117062,5363,950,4679,3921,731,4138,6946,1342,7828,5396,874,6534,1594,250,706,2001,323,2216,4935,942,4277,9878,2131,15808,13379,2367,15713,22027,4267,22136,24276,4664,25032,9926,2268,7995
2,2005,404,'611030025',108,NO,KG,400,80,1420,0,0,0,0,0,0,0,0,0,0,0,0,0,0,0,0,0,0,272,55,356,0,0,0,0,0,0,128,25,1064,0,0,0,0,0,0
2,2005,404,'611030025',110,NO,KG,74,20,216,0,0,0,0,0,0,0,0,0,0,0,0,0,0,0,0,0,0,0,0,0,0,0,0,74,20,216,0,0,0,0,0,0,0,0,0
2,2005,404,'611030025',117,NO,KG,64,19,202,0,0,0,0,0,0,0,0,0,0,0,0,64,19,202,0,0,0,0,0,0,0,0,0,0,0,0,0,0,0,0,0,0,0,0,0
2,2005,404,'611030025',210,NO,KG,86,20,723,0,0,0,36,7,410,0,0,0,0,0,0,0,0,0,0,0,0,0,0,0,50,13,313,0,0,0,0,0,0,0,0,0,0,0,0
2,2005,404,'611030025',213,NO,KG,26,11,305,0,0,0,0,0,0,0,0,0,0,0,0,0,0,0,0,0,0,0,0,0,0,0,0,0,0,0,0,0,0,0,0,0,26,11,305
2,2005,404,'611030025',217,NO,KG,101,20,216,0,0,0,101,20,216,0,0,0,0,0,0,0,0,0,0,0,0,0,0,0,0,0,0,0,0,0,0,0,0,0,0,0,0,0,0
2,2005,404,'611030025',220,NO,KG,3207,926,15956,59,14,226,216,26,508,460,78,1552,56,9,214,0,0,0,51,12,213,776,285,5161,422,115,1698,856,259,3330,311,128,3054,0,0,0,0,0,0
2,2005,404,'611030025',223,NO,KG,378,28,480,0,0,0,0,0,0,0,0,0,0,0,0,0,0,0,0,0,0,0,0,0,0,0,0,378,28,480,0,0,0,0,0,0,0,0,0
2,2005,404,'611030025',304,NO,KG,289,46,1122,0,0,0,0,0,0,8,4,320,0,0,0,0,0,0,0,0,0,0,0,0,0,0,0,196,30,576,0,0,0,0,0,0,85,12,226
2,2005,404,'611030025',504,NO,KG,213,84,1163,0,0,0,0,0,0,13,6,214,0,0,0,0,0,0,90,36,427,110,42,522,0,0,0,0,0,0,0,0,0,0,0,0,0,0,0
2,2005,404,'611030029',103,NO,KG,15759,2277,14270,0,0,0,505,57,480,0,0,0,3998,501,3466,2427,391,2352,0,0,0,2791,374,3585,2984,476,2718,1263,164,751,1198,220,641,593,94,277,0,0,0
2,2005,404,'611030029',105,NO,KG,688064,128217,848563,60036,12107,80118,42845,8089,47298,66403,12217,69334,89246,14457,85632,53134,8601,57050,43046,7066,43883,53735,9424,75083,74713,14131,108607,69004,12468,83189,57463,12624,79475,31830,7649,51513,46609,9384,67381
2,2005,404,'611030029',108,NO,KG,2102,370,2463,0,0,0,568,131,266,0,0,0,1019,124,467,0,0,0,0,0,0,192,57,271,183,21,602,0,0,0,0,0,0,140,37,857,0,0,0
2,2005,404,'611030029',110,NO,KG,5809,1122,19038,116,43,457,716,107,917,801,142,1946,0,0,0,0,0,0,515,96,1845,927,188,3361,881,174,3386,0,0,0,0,0,0,1853,372,7126,0,0,0
2,2005,404,'611030029',111,NO,KG,3018,493,1809,0,0,0,130,32,277,960,106,270,0,0,0,0,0,0,0,0,0,0,0,0,1928,355,1262,0,0,0,0,0,0,0,0,0,0,0,0
2,2005,404,'611030029',125,NO,KG,132,33,376,0,0,0,132,33,376,0,0,0,0,0,0,0,0,0,0,0,0,0,0,0,0,0,0,0,0,0,0,0,0,0,0,0,0,0,0
2,2005,404,'611030029',129,NO,KG,176,44,501,0,0,0,176,44,501,0,0,0,0,0,0,0,0,0,0,0,0,0,0,0,0,0,0,0,0,0,0,0,0,0,0,0,0,0,0
2,2005,404,'611030029',205,NO,KG,59,10,266,0,0,0,0,0,0,0,0,0,0,0,0,0,0,0,0,0,0,0,0,0,59,10,266,0,0,0,0,0,0,0,0,0,0,0,0
2,2005,404,'611030029',208,NO,KG,48,7,432,0,0,0,0,0,0,48,7,432,0,0,0,0,0,0,0,0,0,0,0,0,0,0,0,0,0,0,0,0,0,0,0,0,0,0,0
2,2005,404,'611030029',210,NO,KG,3422,806,10184,0,0,0,38,8,534,1347,253,4553,0,0,0,67,10,252,0,0,0,950,307,1824,816,173,2015,0,0,0,74,19,308,0,0,0,130,36,698
2,2005,404,'611030029',213,NO,KG,38,11,458,0,0,0,38,11,458,0,0,0,0,0,0,0,0,0,0,0,0,0,0,0,0,0,0,0,0,0,0,0,0,0,0,0,0,0,0
2,2005,404,'611030029',217,NO,KG,102,16,283,0,0,0,0,0,0,0,0,0,0,0,0,0,0,0,0,0,0,0,0,0,102,16,283,0,0,0,0,0,0,0,0,0,0,0,0
2,2005,404,'611030029',218,NO,KG,115,25,846,0,0,0,0,0,0,0,0,0,0,0,0,0,0,0,0,0,0,0,0,0,27,8,252,0,0,0,88,17,594,0,0,0,0,0,0
2,2005,404,'611030029',220,NO,KG,17434,4014,86283,787,242,4975,4637,709,15554,2015,419,9061,209,36,1071,0,0,0,611,142,3897,1124,290,9982,4984,1309,22383,2154,633,13496,701,187,2596,127,25,892,85,22,2376
2,2005,404,'611030029',231,NO,KG,718,175,4084,0,0,0,0,0,0,0,0,0,0,0,0,0,0,0,0,0,0,0,0,0,188,35,1034,204,58,1012,326,82,2038,0,0,0,0,0,0
2,2005,404,'611030029',234,NO,KG,743,151,1747,0,0,0,659,122,1089,0,0,0,0,0,0,0,0,0,0,0,0,0,0,0,31,11,243,53,18,415,0,0,0,0,0,0,0,0,0
2,2005,404,'611030029',246,NO,KG,122,25,524,0,0,0,0,0,0,0,0,0,0,0,0,0,0,0,0,0,0,0,0,0,122,25,524,0,0,0,0,0,0,0,0,0,0,0,0
2,2005,404,'611030029',304,NO,KG,161,90,1040,0,0,0,0,0,0,0,0,0,0,0,0,0,0,0,23,4,298,0,0,0,0,0,0,0,0,0,75,74,333,0,0,0,63,12,409
2,2005,404,'611090010',105,NO,KG,247052,48720,628268,26308,5564,70110,17772,3533,66239,33694,6482,72839,38216,7096,53467,15052,2815,19802,14190,3389,20724,23730,4244,59982,28813,5933,99860,16192,3000,49154,16507,3277,49132,6176,1377,25512,10402,2010,41447
2,2005,404,'611090010',108,NO,KG,809,93,1501,0,0,0,0,0,0,19,3,425,750,70,875,0,0,0,0,0,0,0,0,0,0,0,0,40,20,201,0,0,0,0,0,0,0,0,0
2,2005,404,'611090010',110,NO,KG,612,121,2484,0,0,0,0,0,0,0,0,0,0,0,0,0,0,0,255,63,1190,0,0,0,0,0,0,0,0,0,0,0,0,150,20,599,207,38,695
2,2005,404,'611090010',111,NO,KG,4334,792,2691,922,146,611,366,73,230,527,52,300,2519,521,1550,0,0,0,0,0,0,0,0,0,0,0,0,0,0,0,0,0,0,0,0,0,0,0,0
2,2005,404,'611090010',118,NO,KG,416,58,548,416,58,548,0,0,0,0,0,0,0,0,0,0,0,0,0,0,0,0,0,0,0,0,0,0,0,0,0,0,0,0,0,0,0,0,0
2,2005,404,'611090010',123,NO,KG,62,22,538,0,0,0,62,22,538,0,0,0,0,0,0,0,0,0,0,0,0,0,0,0,0,0,0,0,0,0,0,0,0,0,0,0,0,0,0
2,2005,404,'611090010',205,NO,KG,195,49,1954,0,0,0,74,21,629,58,14,595,0,0,0,0,0,0,0,0,0,40,10,280,23,4,450,0,0,0,0,0,0,0,0,0,0,0,0
2,2005,404,'611090010',206,NO,KG,1663,393,6445,0,0,0,1010,213,3714,0,0,0,0,0,0,0,0,0,0,0,0,0,0,0,0,0,0,0,0,0,0,0,0,0,0,0,653,180,2731
2,2005,404,'611090010',208,NO,KG,126,26,2224,0,0,0,0,0,0,82,14,1636,0,0,0,0,0,0,0,0,0,0,0,0,17,6,230,0,0,0,0,0,0,0,0,0,27,6,358
2,2005,404,'611090010',210,NO,KG,823,276,8016,0,0,0,50,6,206,319,104,2715,18,3,455,0,0,0,0,0,0,0,0,0,169,55,1197,199,74,1887,0,0,0,42,25,393,26,9,1163
2,2005,404,'611090010',211,NO,KG,15,2,438,0,0,0,0,0,0,15,2,438,0,0,0,0,0,0,0,0,0,0,0,0,0,0,0,0,0,0,0,0,0,0,0,0,0,0,0
2,2005,404,'611090010',215,NO,KG,144,17,1927,0,0,0,144,17,1927,0,0,0,0,0,0,0,0,0,0,0,0,0,0,0,0,0,0,0,0,0,0,0,0,0,0,0,0,0,0
2,2005,404,'611090010',220,NO,KG,11753,3069,178950,1219,320,19131,2647,654,37896,2800,688,45206,166,61,5949,166,70,3849,163,44,2489,158,49,3272,1249,339,15349,977,328,10298,376,115,5176,257,69,3576,1575,332,26759
2,2005,404,'611090010',231,NO,KG,579,137,4416,0,0,0,92,13,905,294,71,2212,0,0,0,0,0,0,0,0,0,0,0,0,0,0,0,0,0,0,0,0,0,110,31,747,83,22,552
2,2005,404,'611090010',304,NO,KG,1458,363,1872,0,0,0,0,0,0,0,0,0,67,15,276,0,0,0,0,0,0,0,0,0,0,0,0,1391,348,1596,0,0,0,0,0,0,0,0,0
2,2005,404,'611090020',103,NO,KG,518,75,223,0,0,0,0,0,0,0,0,0,0,0,0,0,0,0,518,75,223,0,0,0,0,0,0,0,0,0,0,0,0,0,0,0,0,0,0
2,2005,404,'611090020',105,NO,KG,348107,62406,497084,43562,7974,71952,24106,4406,32123,54158,9987,64187,69823,13198,72494,30979,4666,30174,23045,3183,18663,22210,3726,34522,27537,4597,52581,17337,3767,40875,19833,3943,44673,9547,1790,20662,5970,1169,14178
2,2005,404,'611090020',110,NO,KG,2177,377,5260,0,0,0,0,0,0,383,42,525,560,92,2239,0,0,0,364,93,1741,0,0,0,0,0,0,0,0,0,0,0,0,470,63,512,400,87,243
2,2005,404,'611090020',205,NO,KG,86,29,497,0,0,0,66,25,273,20,4,224,0,0,0,0,0,0,0,0,0,0,0,0,0,0,0,0,0,0,0,0,0,0,0,0,0,0,0
2,2005,404,'611090020',206,NO,KG,1165,321,4958,1090,302,4325,0,0,0,0,0,0,0,0,0,0,0,0,0,0,0,0,0,0,0,0,0,0,0,0,0,0,0,0,0,0,75,19,633
2,2005,404,'611090020',210,NO,KG,569,112,2739,0,0,0,190,47,540,63,14,385,166,14,611,0,0,0,0,0,0,8,3,216,0,0,0,142,34,987,0,0,0,0,0,0,0,0,0
2,2005,404,'611090020',215,NO,KG,32,7,505,0,0,0,0,0,0,0,0,0,0,0,0,0,0,0,0,0,0,0,0,0,0,0,0,32,7,505,0,0,0,0,0,0,0,0,0
2,2005,404,'611090020',218,NO,KG,97,19,658,0,0,0,0,0,0,0,0,0,0,0,0,0,0,0,0,0,0,0,0,0,0,0,0,97,19,658,0,0,0,0,0,0,0,0,0
2,2005,404,'611090020',220,NO,KG,5187,1502,116833,838,276,25889,605,161,15382,891,209,13462,12,3,284,9,2,453,79,25,2658,1304,405,43644,390,100,4783,209,122,4853,313,61,2401,352,76,1463,185,62,1561
2,2005,404,'611090020',304,NO,KG,633,95,804,0,0,0,0,0,0,0,0,0,537,66,563,0,0,0,0,0,0,0,0,0,0,0,0,96,29,241,0,0,0,0,0,0,0,0,0
2,2005,404,'611110311',220,NO,KG,406,61,1304,0,0,0,0,0,0,0,0,0,0,0,0,0,0,0,0,0,0,0,0,0,406,61,1304,0,0,0,0,0,0,0,0,0,0,0,0
2,2005,404,'611110312',105,NO,KG,629,61,687,0,0,0,0,0,0,0,0,0,0,0,0,0,0,0,0,0,0,0,0,0,0,0,0,629,61,687,0,0,0,0,0,0,0,0,0
2,2005,404,'611110312',110,NO,KG,2792,479,5315,0,0,0,0,0,0,0,0,0,0,0,0,0,0,0,0,0,0,349,49,738,689,107,1303,1575,286,2903,179,37,371,0,0,0,0,0,0
2,2005,404,'611110312',123,NO,KG,110,20,232,0,0,0,0,0,0,0,0,0,0,0,0,0,0,0,0,0,0,0,0,0,0,0,0,0,0,0,0,0,0,110,20,232,0,0,0
2,2005,404,'611110312',210,NO,KG,54,15,226,0,0,0,0,0,0,0,0,0,0,0,0,0,0,0,0,0,0,0,0,0,54,15,226,0,0,0,0,0,0,0,0,0,0,0,0
2,2005,404,'611110312',220,NO,KG,185,48,968,46,21,209,0,0,0,0,0,0,0,0,0,0,0,0,0,0,0,139,27,759,0,0,0,0,0,0,0,0,0,0,0,0,0,0,0
2,2005,404,'611110319',105,NO,KG,305,89,846,0,0,0,0,0,0,0,0,0,0,0,0,0,0,0,0,0,0,0,0,0,0,0,0,0,0,0,0,0,0,305,89,846,0,0,0
2,2005,404,'611110319',110,NO,KG,474,69,878,0,0,0,0,0,0,0,0,0,0,0,0,0,0,0,0,0,0,0,0,0,0,0,0,296,44,553,178,25,325,0,0,0,0,0,0
2,2005,404,'611110319',217,NO,KG,62,8,268,0,0,0,0,0,0,0,0,0,0,0,0,0,0,0,0,0,0,0,0,0,0,0,0,0,0,0,62,8,268,0,0,0,0,0,0
2,2005,404,'611110319',220,NO,KG,75,15,386,0,0,0,0,0,0,0,0,0,0,0,0,0,0,0,0,0,0,75,15,386,0,0,0,0,0,0,0,0,0,0,0,0,0,0,0
2,2005,404,'611110322',220,NO,KG,58,13,217,0,0,0,0,0,0,0,0,0,0,0,0,0,0,0,0,0,0,0,0,0,0,0,0,58,13,217,0,0,0,0,0,0,0,0,0
2,2005,404,'611120150',110,PR,KG,2007,16,232,0,0,0,0,0,0,0,0,0,0,0,0,0,0,0,0,0,0,0,0,0,2007,16,232,0,0,0,0,0,0,0,0,0,0,0,0
2,2005,404,'611120210',217,NO,KG,1252,80,1233,0,0,0,0,0,0,0,0,0,0,0,0,0,0,0,0,0,0,1081,63,1027,171,17,206,0,0,0,0,0,0,0,0,0,0,0,0
2,2005,404,'611120295',105,PR,KG,4252,147,589,0,0,0,0,0,0,0,0,0,0,0,0,0,0,0,0,0,0,0,0,0,0,0,0,0,0,0,0,0,0,4252,147,589,0,0,0
2,2005,404,'611120295',217,PR,KG,1411,106,934,0,0,0,0,0,0,0,0,0,0,0,0,0,0,0,0,0,0,1411,106,934,0,0,0,0,0,0,0,0,0,0,0,0,0,0,0
2,2005,404,'611120295',220,PR,KG,1814,81,844,1012,41,456,0,0,0,0,0,0,0,0,0,0,0,0,0,0,0,802,40,388,0,0,0,0,0,0,0,0,0,0,0,0,0,0,0
2,2005,404,'611120311',105,NO,KG,26486,2239,10631,0,0,0,423,31,293,4292,302,1996,6650,506,2766,7136,456,2151,1575,142,1086,1881,241,733,2006,289,794,0,0,0,1493,193,574,0,0,0,1030,79,238
2,2005,404,'611120311',108,NO,KG,636,65,273,0,0,0,0,0,0,0,0,0,0,0,0,636,65,273,0,0,0,0,0,0,0,0,0,0,0,0,0,0,0,0,0,0,0,0,0
2,2005,404,'611120311',110,NO,KG,143,18,358,0,0,0,0,0,0,0,0,0,143,18,358,0,0,0,0,0,0,0,0,0,0,0,0,0,0,0,0,0,0,0,0,0,0,0,0
2,2005,404,'611120311',123,NO,KG,3541,435,3434,244,22,238,0,0,0,526,37,780,699,70,1041,0,0,0,190,14,237,1882,292,1138,0,0,0,0,0,0,0,0,0,0,0,0,0,0,0
2,2005,404,'611120311',208,NO,KG,182,14,383,0,0,0,182,14,383,0,0,0,0,0,0,0,0,0,0,0,0,0,0,0,0,0,0,0,0,0,0,0,0,0,0,0,0,0,0
2,2005,404,'611120311',210,NO,KG,4990,352,4998,206,20,307,198,24,465,3254,193,2921,384,26,389,0,0,0,821,64,698,0,0,0,0,0,0,127,25,218,0,0,0,0,0,0,0,0,0
2,2005,404,'611120311',217,NO,KG,802,87,1091,627,75,838,0,0,0,175,12,253,0,0,0,0,0,0,0,0,0,0,0,0,0,0,0,0,0,0,0,0,0,0,0,0,0,0,0
2,2005,404,'611120311',234,NO,KG,983,126,1970,293,38,515,0,0,0,364,25,505,0,0,0,0,0,0,0,0,0,0,0,0,0,0,0,248,39,645,0,0,0,0,0,0,78,24,305
2,2005,404,'611120311',304,NO,KG,368,43,708,0,0,0,0,0,0,0,0,0,0,0,0,0,0,0,0,0,0,0,0,0,0,0,0,368,43,708,0,0,0,0,0,0,0,0,0
2,2005,404,'611120312',105,NO,KG,16087,2348,10150,0,0,0,0,0,0,6213,573,2422,0,0,0,1000,225,682,1572,152,851,0,0,0,1420,225,1072,916,290,552,2086,369,1905,2880,514,2666,0,0,0
2,2005,404,'611120312',110,NO,KG,265,31,444,0,0,0,0,0,0,0,0,0,0,0,0,0,0,0,113,10,212,0,0,0,152,21,232,0,0,0,0,0,0,0,0,0,0,0,0
2,2005,404,'611120312',111,NO,KG,358,65,250,0,0,0,0,0,0,0,0,0,0,0,0,0,0,0,0,0,0,0,0,0,0,0,0,0,0,0,358,65,250,0,0,0,0,0,0
2,2005,404,'611120312',123,NO,KG,3483,320,3640,923,76,901,0,0,0,202,11,234,0,0,0,0,0,0,0,0,0,1363,157,1308,154,17,205,841,59,992,0,0,0,0,0,0,0,0,0
2,2005,404,'611120312',208,NO,KG,173,24,460,0,0,0,0,0,0,0,0,0,0,0,0,0,0,0,0,0,0,0,0,0,173,24,460,0,0,0,0,0,0,0,0,0,0,0,0
2,2005,404,'611120312',210,NO,KG,223,22,628,146,14,357,77,8,271,0,0,0,0,0,0,0,0,0,0,0,0,0,0,0,0,0,0,0,0,0,0,0,0,0,0,0,0,0,0
2,2005,404,'611120312',217,NO,KG,1272,251,2244,121,32,354,271,90,357,0,0,0,0,0,0,0,0,0,0,0,0,0,0,0,399,60,651,0,0,0,0,0,0,0,0,0,481,69,882
2,2005,404,'611120312',220,NO,KG,109,16,413,0,0,0,0,0,0,0,0,0,0,0,0,0,0,0,0,0,0,0,0,0,0,0,0,109,16,413,0,0,0,0,0,0,0,0,0
2,2005,404,'611120312',234,NO,KG,1608,260,3403,400,101,1133,0,0,0,582,52,986,0,0,0,0,0,0,0,0,0,220,44,445,147,30,283,259,33,556,0,0,0,0,0,0,0,0,0
2,2005,404,'611120312',304,NO,KG,600,80,1113,0,0,0,0,0,0,0,0,0,0,0,0,0,0,0,0,0,0,0,0,0,0,0,0,600,80,1113,0,0,0,0,0,0,0,0,0
2,2005,404,'611120319',103,NO,KG,680,223,226,0,0,0,0,0,0,0,0,0,0,0,0,0,0,0,0,0,0,0,0,0,0,0,0,0,0,0,0,0,0,680,223,226,0,0,0
2,2005,404,'611120319',105,NO,KG,378805,51730,172239,8514,1641,4736,14019,1698,7788,114957,13606,41738,62461,6230,28021,13021,1366,5865,12921,1767,6476,31505,5150,16782,44198,8072,22734,33137,7161,17947,14946,2393,6281,13468,1088,8270,15658,1558,5601
2,2005,404,'611120319',110,NO,KG,13566,1581,11360,2704,264,1265,668,70,383,0,0,0,246,9,245,0,0,0,0,0,0,2267,246,1830,6020,684,5459,0,0,0,170,49,224,303,65,249,1188,194,1705
2,2005,404,'611120319',111,NO,KG,1428,70,243,0,0,0,0,0,0,0,0,0,1428,70,243,0,0,0,0,0,0,0,0,0,0,0,0,0,0,0,0,0,0,0,0,0,0,0,0
2,2005,404,'611120319',123,NO,KG,8322,1034,5985,1869,183,2133,0,0,0,0,0,0,0,0,0,0,0,0,0,0,0,4453,744,3178,0,0,0,0,0,0,0,0,0,0,0,0,2000,107,674
2,2005,404,'611120319',210,NO,KG,3990,379,4356,0,0,0,723,88,989,0,0,0,152,24,393,1784,126,1610,0,0,0,0,0,0,120,24,299,164,60,320,0,0,0,0,0,0,1047,57,745
2,2005,404,'611120319',217,NO,KG,2172,302,3433,649,85,1063,0,0,0,227,23,412,0,0,0,0,0,0,0,0,0,524,104,810,182,23,299,0,0,0,0,0,0,0,0,0,590,67,849
2,2005,404,'611120319',218,NO,KG,865,163,1307,0,0,0,0,0,0,405,57,497,0,0,0,0,0,0,0,0,0,195,48,440,0,0,0,0,0,0,265,58,370,0,0,0,0,0,0
2,2005,404,'611120319',220,NO,KG,1126,174,2279,0,0,0,114,16,348,71,8,242,387,44,696,554,106,993,0,0,0,0,0,0,0,0,0,0,0,0,0,0,0,0,0,0,0,0,0
2,2005,404,'611120319',234,NO,KG,2028,226,3037,515,81,903,0,0,0,290,18,340,0,0,0,386,30,239,0,0,0,668,74,1172,0,0,0,169,23,383,0,0,0,0,0,0,0,0,0
2,2005,404,'611120319',304,NO,KG,189,28,384,0,0,0,0,0,0,0,0,0,0,0,0,0,0,0,0,0,0,0,0,0,0,0,0,189,28,384,0,0,0,0,0,0,0,0,0
2,2005,404,'611120321',105,NO,KG,51985,4257,11732,586,60,248,0,0,0,994,141,546,11598,1113,2159,3960,309,1247,2820,258,1140,918,123,357,21666,1237,3467,7372,744,1609,299,59,485,0,0,0,1772,213,474
2,2005,404,'611120321',123,NO,KG,2042,204,2503,0,0,0,0,0,0,0,0,0,0,0,0,0,0,0,0,0,0,284,42,326,575,60,737,483,36,601,0,0,0,0,0,0,700,66,839
2,2005,404,'611120321',208,NO,KG,271,21,428,0,0,0,271,21,428,0,0,0,0,0,0,0,0,0,0,0,0,0,0,0,0,0,0,0,0,0,0,0,0,0,0,0,0,0,0
2,2005,404,'611120321',210,NO,KG,657,62,1535,498,43,728,0,0,0,159,19,807,0,0,0,0,0,0,0,0,0,0,0,0,0,0,0,0,0,0,0,0,0,0,0,0,0,0,0
2,2005,404,'611120321',217,NO,KG,182,31,290,0,0,0,0,0,0,0,0,0,0,0,0,0,0,0,0,0,0,0,0,0,0,0,0,0,0,0,0,0,0,0,0,0,182,31,290
2,2005,404,'611120321',220,NO,KG,110,22,532,0,0,0,0,0,0,0,0,0,0,0,0,0,0,0,0,0,0,110,22,532,0,0,0,0,0,0,0,0,0,0,0,0,0,0,0
2,2005,404,'611120321',234,NO,KG,276,20,412,0,0,0,0,0,0,276,20,412,0,0,0,0,0,0,0,0,0,0,0,0,0,0,0,0,0,0,0,0,0,0,0,0,0,0,0
2,2005,404,'611120322',105,NO,KG,14623,1753,5136,0,0,0,0,0,0,4235,528,2124,2488,210,399,0,0,0,0,0,0,2660,320,818,4061,586,1291,0,0,0,149,30,255,0,0,0,1030,79,249
2,2005,404,'611120329',105,NO,KG,267163,26345,87621,1688,281,1067,29601,2198,6716,51394,4939,17116,62867,6012,22606,27331,2165,9022,2815,260,1189,15518,1744,4748,40666,4841,13267,17305,1858,4850,12562,1451,4784,229,32,285,5187,564,1971
2,2005,404,'611120329',117,NO,KG,100,20,234,0,0,0,0,0,0,0,0,0,0,0,0,0,0,0,0,0,0,100,20,234,0,0,0,0,0,0,0,0,0,0,0,0,0,0,0
2,2005,404,'611120329',123,NO,KG,1260,123,557,0,0,0,0,0,0,0,0,0,0,0,0,0,0,0,0,0,0,0,0,0,0,0,0,1260,123,557,0,0,0,0,0,0,0,0,0
2,2005,404,'611120329',210,NO,KG,851,105,1877,0,0,0,0,0,0,0,0,0,420,50,1085,0,0,0,60,5,212,0,0,0,0,0,0,0,0,0,371,50,580,0,0,0,0,0,0
2,2005,404,'611120329',213,NO,KG,329,23,214,0,0,0,0,0,0,329,23,214,0,0,0,0,0,0,0,0,0,0,0,0,0,0,0,0,0,0,0,0,0,0,0,0,0,0,0
2,2005,404,'611120329',217,NO,KG,599,76,778,0,0,0,0,0,0,0,0,0,0,0,0,0,0,0,0,0,0,0,0,0,0,0,0,0,0,0,0,0,0,599,76,778,0,0,0
2,2005,404,'611120329',220,NO,KG,306,53,585,176,40,203,0,0,0,130,13,382,0,0,0,0,0,0,0,0,0,0,0,0,0,0,0,0,0,0,0,0,0,0,0,0,0,0,0
2,2005,404,'611120329',304,NO,KG,2019,187,407,2019,187,407,0,0,0,0,0,0,0,0,0,0,0,0,0,0,0,0,0,0,0,0,0,0,0,0,0,0,0,0,0,0,0,0,0
2,2005,404,'611120329',606,NO,KG,168,22,363,0,0,0,0,0,0,0,0,0,0,0,0,0,0,0,0,0,0,0,0,0,0,0,0,168,22,363,0,0,0,0,0,0,0,0,0
2,2005,404,'611130150',234,PR,KG,197,14,238,0,0,0,0,0,0,0,0,0,0,0,0,0,0,0,0,0,0,0,0,0,0,0,0,197,14,238,0,0,0,0,0,0,0,0,0
2,2005,404,'611130210',105,NO,KG,6840,342,625,0,0,0,6840,342,625,0,0,0,0,0,0,0,0,0,0,0,0,0,0,0,0,0,0,0,0,0,0,0,0,0,0,0,0,0,0
2,2005,404,'611130311',103,NO,KG,14415,1216,3478,0,0,0,0,0,0,0,0,0,1175,93,323,12601,1023,2934,0,0,0,0,0,0,0,0,0,0,0,0,639,100,221,0,0,0,0,0,0
2,2005,404,'611130311',105,NO,KG,2637,442,1182,0,0,0,0,0,0,0,0,0,0,0,0,0,0,0,0,0,0,0,0,0,1474,265,790,0,0,0,1163,177,392,0,0,0,0,0,0
2,2005,404,'611130311',203,NO,KG,300,45,324,0,0,0,0,0,0,300,45,324,0,0,0,0,0,0,0,0,0,0,0,0,0,0,0,0,0,0,0,0,0,0,0,0,0,0,0
2,2005,404,'611130312',103,NO,KG,1198,112,230,0,0,0,0,0,0,0,0,0,1198,112,230,0,0,0,0,0,0,0,0,0,0,0,0,0,0,0,0,0,0,0,0,0,0,0,0
2,2005,404,'611130312',105,NO,KG,3564,725,2540,0,0,0,0,0,0,0,0,0,0,0,0,0,0,0,0,0,0,232,55,364,338,62,386,1292,284,979,901,176,362,310,75,240,491,73,209
2,2005,404,'611130312',110,NO,KG,2529,364,4463,0,0,0,0,0,0,0,0,0,0,0,0,0,0,0,0,0,0,1506,205,2324,492,70,988,348,62,716,183,27,435,0,0,0,0,0,0
2,2005,404,'611130312',123,NO,KG,372,44,378,0,0,0,0,0,0,0,0,0,0,0,0,0,0,0,0,0,0,0,0,0,0,0,0,372,44,378,0,0,0,0,0,0,0,0,0
2,2005,404,'611130312',210,NO,KG,89,18,251,0,0,0,0,0,0,0,0,0,0,0,0,0,0,0,0,0,0,0,0,0,89,18,251,0,0,0,0,0,0,0,0,0,0,0,0
2,2005,404,'611130312',234,NO,KG,339,64,807,0,0,0,0,0,0,0,0,0,0,0,0,0,0,0,0,0,0,0,0,0,339,64,807,0,0,0,0,0,0,0,0,0,0,0,0
2,2005,404,'611130319',103,NO,KG,5386,453,1650,0,0,0,0,0,0,0,0,0,904,85,296,1004,67,203,2341,116,682,0,0,0,553,85,217,0,0,0,584,100,252,0,0,0,0,0,0
2,2005,404,'611130319',105,NO,KG,23886,5465,15058,0,0,0,385,48,269,0,0,0,2277,245,1925,1058,144,316,791,190,1566,292,64,458,4272,801,2089,6111,1119,3413,5035,1447,2776,2245,980,1540,1420,427,706
2,2005,404,'611130319',203,NO,KG,300,39,324,300,39,324,0,0,0,0,0,0,0,0,0,0,0,0,0,0,0,0,0,0,0,0,0,0,0,0,0,0,0,0,0,0,0,0,0
2,2005,404,'611130319',220,NO,KG,118,15,201,0,0,0,0,0,0,0,0,0,0,0,0,0,0,0,0,0,0,0,0,0,0,0,0,0,0,0,0,0,0,0,0,0,118,15,201
2,2005,404,'611130319',234,NO,KG,844,103,2024,0,0,0,0,0,0,0,0,0,0,0,0,0,0,0,0,0,0,720,72,1616,124,31,408,0,0,0,0,0,0,0,0,0,0,0,0
2,2005,404,'611130321',103,NO,KG,7224,562,1669,0,0,0,0,0,0,0,0,0,4209,195,773,0,0,0,0,0,0,1058,152,298,1957,215,598,0,0,0,0,0,0,0,0,0,0,0,0
2,2005,404,'611130322',105,NO,KG,1967,349,1046,0,0,0,0,0,0,914,127,484,0,0,0,0,0,0,0,0,0,0,0,0,1053,222,562,0,0,0,0,0,0,0,0,0,0,0,0
2,2005,404,'611130322',110,NO,KG,603,93,1465,0,0,0,0,0,0,0,0,0,0,0,0,0,0,0,0,0,0,203,30,479,318,48,785,82,15,201,0,0,0,0,0,0,0,0,0
2,2005,404,'611130329',103,NO,KG,20419,1620,5962,0,0,0,0,0,0,0,0,0,1640,125,307,4550,401,1229,10905,556,3325,1294,130,404,0,0,0,2030,408,697,0,0,0,0,0,0,0,0,0
2,2005,404,'611130329',105,NO,KG,12093,1289,3551,0,0,0,0,0,0,9018,636,2041,0,0,0,0,0,0,0,0,0,0,0,0,0,0,0,2450,585,946,625,68,564,0,0,0,0,0,0
2,2005,404,'611130329',304,NO,KG,426,16,242,0,0,0,0,0,0,0,0,0,0,0,0,0,0,0,0,0,0,0,0,0,0,0,0,0,0,0,0,0,0,426,16,242,0,0,0
2,2005,404,'611190210',210,NO,KG,234,38,686,0,0,0,0,0,0,0,0,0,0,0,0,0,0,0,0,0,0,0,0,0,234,38,686,0,0,0,0,0,0,0,0,0,0,0,0
2,2005,404,'611190312',105,NO,KG,834,162,898,0,0,0,0,0,0,0,0,0,0,0,0,0,0,0,0,0,0,434,89,426,400,73,472,0,0,0,0,0,0,0,0,0,0,0,0
2,2005,404,'611211010',105,NO,KG,13621,12014,12949,260,286,363,808,565,449,1622,1718,2073,462,394,534,1663,654,1085,0,0,0,1982,2002,2118,0,0,0,5977,5313,4935,784,1010,1180,0,0,0,63,72,212
2,2005,404,'611211010',129,NO,KG,23,23,284,0,0,0,0,0,0,0,0,0,0,0,0,0,0,0,0,0,0,0,0,0,0,0,0,23,23,284,0,0,0,0,0,0,0,0,0
2,2005,404,'611211010',220,NO,KG,132,105,1700,0,0,0,0,0,0,46,32,594,15,13,393,0,0,0,0,0,0,0,0,0,0,0,0,40,32,453,0,0,0,31,28,260,0,0,0
2,2005,404,'611211010',304,NO,KG,96,40,222,0,0,0,0,0,0,0,0,0,0,0,0,0,0,0,0,0,0,0,0,0,0,0,0,0,0,0,0,0,0,96,40,222,0,0,0
2,2005,404,'611211020',105,NO,KG,1333,607,920,227,110,283,0,0,0,1106,497,637,0,0,0,0,0,0,0,0,0,0,0,0,0,0,0,0,0,0,0,0,0,0,0,0,0,0,0
2,2005,404,'611212010',105,NO,KG,41549,31258,39372,1075,593,1102,925,678,498,5513,4664,6580,260,91,316,629,553,1784,768,849,1261,475,387,517,8421,6063,5972,8975,6510,8504,8582,5847,6514,931,715,1943,4995,4308,4381
2,2005,404,'611212010',220,NO,KG,258,79,1499,0,0,0,0,0,0,0,0,0,0,0,0,0,0,0,0,0,0,0,0,0,0,0,0,16,12,222,122,46,891,120,21,386,0,0,0
2,2005,404,'611212010',304,NO,KG,348,90,1647,0,0,0,0,0,0,0,0,0,348,90,1647,0,0,0,0,0,0,0,0,0,0,0,0,0,0,0,0,0,0,0,0,0,0,0,0
2,2005,404,'611212020',105,NO,KG,5963,5903,5041,0,0,0,0,0,0,1720,1705,1389,0,0,0,0,0,0,0,0,0,0,0,0,0,0,0,960,852,1034,1040,700,445,2243,2646,2173,0,0,0
2,2005,404,'611220011',302,NO,KG,42,16,226,0,0,0,42,16,226,0,0,0,0,0,0,0,0,0,0,0,0,0,0,0,0,0,0,0,0,0,0,0,0,0,0,0,0,0,0
2,2005,404,'611220021',220,NO,KG,50,17,307,0,0,0,0,0,0,0,0,0,0,0,0,0,0,0,0,0,0,0,0,0,0,0,0,0,0,0,0,0,0,0,0,0,50,17,307
2,2005,404,'611231010',105,NO,KG,71353,9683,55746,500,96,505,0,0,0,17548,2205,14399,14292,1615,6249,1545,141,953,10993,2110,10555,9262,1263,8120,8250,1076,6503,306,48,570,600,33,256,0,0,0,8057,1096,7636
2,2005,404,'611231010',110,NO,KG,53754,7922,58127,2729,360,3380,2341,218,1913,4930,617,4759,7323,995,9705,13304,1930,14985,1176,230,1133,2665,393,2019,6873,850,5847,4366,620,4396,0,0,0,1618,320,3443,6429,1389,6547
2,2005,404,'611231010',220,NO,KG,112,29,892,0,0,0,0,0,0,59,14,441,53,15,451,0,0,0,0,0,0,0,0,0,0,0,0,0,0,0,0,0,0,0,0,0,0,0,0
2,2005,404,'611231020',105,NO,KG,8786,677,5858,0,0,0,0,0,0,3872,389,5106,4014,221,486,0,0,0,0,0,0,900,67,266,0,0,0,0,0,0,0,0,0,0,0,0,0,0,0
2,2005,404,'611231020',106,NO,KG,650,34,297,0,0,0,0,0,0,0,0,0,650,34,297,0,0,0,0,0,0,0,0,0,0,0,0,0,0,0,0,0,0,0,0,0,0,0,0
2,2005,404,'611231020',110,NO,KG,1250,89,520,0,0,0,0,0,0,0,0,0,1250,89,520,0,0,0,0,0,0,0,0,0,0,0,0,0,0,0,0,0,0,0,0,0,0,0,0
2,2005,404,'611239010',220,NO,KG,62,10,369,0,0,0,62,10,369,0,0,0,0,0,0,0,0,0,0,0,0,0,0,0,0,0,0,0,0,0,0,0,0,0,0,0,0,0,0
2,2005,404,'611241010',103,NO,KG,2185,554,4242,0,0,0,0,0,0,0,0,0,0,0,0,0,0,0,0,0,0,250,130,675,130,82,362,0,0,0,1278,242,2229,0,0,0,527,100,976
2,2005,404,'611241010',105,NO,KG,378547,75914,448561,4917,1089,6851,22416,5155,32732,41977,8895,45195,110727,23501,108727,49371,9181,52204,101166,18740,132167,38147,7704,58045,4958,884,7069,2273,432,2114,829,74,1399,549,96,601,1217,163,1457
2,2005,404,'611241010',106,NO,KG,1652,118,814,0,0,0,0,0,0,0,0,0,1652,118,814,0,0,0,0,0,0,0,0,0,0,0,0,0,0,0,0,0,0,0,0,0,0,0,0
2,2005,404,'611241010',110,NO,KG,84006,19790,128363,10939,2208,12773,5867,1703,10057,5935,990,6530,6897,1285,11092,15470,3823,21946,6883,1720,9219,2014,448,4637,15032,4390,26458,4519,680,4818,65,18,333,5837,1295,10543,4548,1230,9957
2,2005,404,'611241010',111,NO,KG,1625,132,304,0,0,0,0,0,0,0,0,0,0,0,0,0,0,0,0,0,0,0,0,0,0,0,0,0,0,0,0,0,0,0,0,0,1625,132,304
2,2005,404,'611241010',204,NO,KG,70,9,467,0,0,0,0,0,0,0,0,0,0,0,0,0,0,0,0,0,0,0,0,0,0,0,0,70,9,467,0,0,0,0,0,0,0,0,0
2,2005,404,'611241010',217,NO,KG,210,39,434,210,39,434,0,0,0,0,0,0,0,0,0,0,0,0,0,0,0,0,0,0,0,0,0,0,0,0,0,0,0,0,0,0,0,0,0
2,2005,404,'611241010',218,NO,KG,377,39,717,0,0,0,219,15,507,0,0,0,0,0,0,0,0,0,0,0,0,158,24,210,0,0,0,0,0,0,0,0,0,0,0,0,0,0,0
2,2005,404,'611241010',220,NO,KG,1103,197,6462,23,5,462,158,31,1136,364,64,1693,109,25,799,0,0,0,0,0,0,0,0,0,148,32,1337,0,0,0,0,0,0,0,0,0,301,40,1035
2,2005,404,'611241010',225,NO,KG,41,6,309,0,0,0,0,0,0,0,0,0,0,0,0,0,0,0,0,0,0,41,6,309,0,0,0,0,0,0,0,0,0,0,0,0,0,0,0
2,2005,404,'611241010',234,NO,KG,96,24,463,96,24,463,0,0,0,0,0,0,0,0,0,0,0,0,0,0,0,0,0,0,0,0,0,0,0,0,0,0,0,0,0,0,0,0,0
2,2005,404,'611241010',246,NO,KG,90,16,516,0,0,0,46,10,283,44,6,233,0,0,0,0,0,0,0,0,0,0,0,0,0,0,0,0,0,0,0,0,0,0,0,0,0,0,0
2,2005,404,'611241010',304,NO,KG,904,166,3706,0,0,0,0,0,0,99,19,583,0,0,0,805,147,3123,0,0,0,0,0,0,0,0,0,0,0,0,0,0,0,0,0,0,0,0,0
2,2005,404,'611241010',401,NO,KG,730,45,681,0,0,0,0,0,0,0,0,0,0,0,0,730,45,681,0,0,0,0,0,0,0,0,0,0,0,0,0,0,0,0,0,0,0,0,0
2,2005,404,'611241010',410,NO,KG,2273,227,2603,147,15,282,0,0,0,160,12,276,1966,200,2045,0,0,0,0,0,0,0,0,0,0,0,0,0,0,0,0,0,0,0,0,0,0,0,0
2,2005,404,'611241010',601,NO,KG,1183,168,2190,0,0,0,0,0,0,213,20,239,0,0,0,0,0,0,240,36,561,730,112,1390,0,0,0,0,0,0,0,0,0,0,0,0,0,0,0
2,2005,404,'611241020',103,NO,KG,578,42,419,0,0,0,0,0,0,0,0,0,0,0,0,0,0,0,578,42,419,0,0,0,0,0,0,0,0,0,0,0,0,0,0,0,0,0,0
2,2005,404,'611241020',105,NO,KG,64626,14402,64756,0,0,0,0,0,0,10782,1327,6477,38415,9916,43404,7712,1375,5545,2631,407,2224,1140,219,1639,2700,925,3291,286,55,898,480,90,775,480,88,503,0,0,0
2,2005,404,'611241020',111,NO,KG,489,44,293,0,0,0,0,0,0,0,0,0,0,0,0,0,0,0,0,0,0,0,0,0,0,0,0,0,0,0,0,0,0,0,0,0,489,44,293
2,2005,404,'611241020',220,NO,KG,702,163,3792,0,0,0,350,120,1002,32,2,230,158,22,1149,0,0,0,0,0,0,0,0,0,0,0,0,0,0,0,0,0,0,30,4,276,132,15,1135
2,2005,404,'611241020',223,NO,KG,66,9,384,0,0,0,0,0,0,0,0,0,66,9,384,0,0,0,0,0,0,0,0,0,0,0,0,0,0,0,0,0,0,0,0,0,0,0,0
2,2005,404,'611241020',228,NO,KG,71,10,410,0,0,0,0,0,0,0,0,0,71,10,410,0,0,0,0,0,0,0,0,0,0,0,0,0,0,0,0,0,0,0,0,0,0,0,0
2,2005,404,'611241020',246,NO,KG,79,11,667,0,0,0,0,0,0,0,0,0,79,11,667,0,0,0,0,0,0,0,0,0,0,0,0,0,0,0,0,0,0,0,0,0,0,0,0
2,2005,404,'611241020',304,NO,KG,194,26,826,0,0,0,0,0,0,0,0,0,62,2,281,0,0,0,0,0,0,0,0,0,0,0,0,132,24,545,0,0,0,0,0,0,0,0,0
2,2005,404,'611241020',401,NO,KG,4960,565,7297,0,0,0,0,0,0,1563,100,1401,2092,153,1923,0,0,0,0,0,0,1094,298,3737,211,14,236,0,0,0,0,0,0,0,0,0,0,0,0
2,2005,404,'611241020',410,NO,KG,1642,202,2554,0,0,0,0,0,0,743,22,1509,245,26,237,0,0,0,0,0,0,520,100,229,0,0,0,0,0,0,0,0,0,134,54,579,0,0,0
2,2005,404,'611241020',601,NO,KG,580,69,999,0,0,0,0,0,0,0,0,0,0,0,0,0,0,0,580,69,999,0,0,0,0,0,0,0,0,0,0,0,0,0,0,0,0,0,0
2,2005,404,'611249010',118,NO,KG,237,48,249,0,0,0,0,0,0,237,48,249,0,0,0,0,0,0,0,0,0,0,0,0,0,0,0,0,0,0,0,0,0,0,0,0,0,0,0
2,2005,404,'611249020',105,NO,KG,8772,1176,2631,2375,396,250,0,0,0,0,0,0,6397,780,2381,0,0,0,0,0,0,0,0,0,0,0,0,0,0,0,0,0,0,0,0,0,0,0,0
2,2005,404,'611249020',220,NO,KG,399,145,1978,0,0,0,329,119,821,70,26,1157,0,0,0,0,0,0,0,0,0,0,0,0,0,0,0,0,0,0,0,0,0,0,0,0,0,0,0
2,2005,404,'611249020',304,NO,KG,240,44,852,0,0,0,0,0,0,0,0,0,0,0,0,0,0,0,0,0,0,240,44,852,0,0,0,0,0,0,0,0,0,0,0,0,0,0,0
2,2005,404,'611300010',105,NO,KG,1043,545,2027,0,0,0,0,0,0,20,25,292,223,141,599,0,0,0,0,0,0,0,0,0,0,0,0,0,0,0,0,0,0,800,379,1136,0,0,0
2,2005,404,'611300010',111,NO,KG,3573,4995,35279,0,0,0,209,245,1431,286,312,1836,416,203,1165,153,120,1427,28,32,216,272,567,1637,117,129,1495,414,585,3916,455,757,5974,775,1294,10191,448,751,5991
2,2005,404,'611300010',220,NO,KG,5014,1967,10117,0,0,0,0,0,0,0,0,0,0,0,0,0,0,0,0,0,0,0,0,0,5000,1900,9788,14,67,329,0,0,0,0,0,0,0,0,0
2,2005,404,'611300010',304,NO,KG,268,247,1786,0,0,0,0,0,0,68,80,449,0,0,0,0,0,0,160,82,1046,0,0,0,0,0,0,0,0,0,0,0,0,40,85,291,0,0,0
2,2005,404,'611300010',305,NO,KG,43,28,292,0,0,0,0,0,0,0,0,0,43,28,292,0,0,0,0,0,0,0,0,0,0,0,0,0,0,0,0,0,0,0,0,0,0,0,0
2,2005,404,'611300010',601,NO,KG,110,72,591,0,0,0,0,0,0,0,0,0,0,0,0,0,0,0,0,0,0,0,0,0,0,0,0,59,12,254,0,0,0,0,0,0,51,60,337
2,2005,404,'611300091',105,NO,KG,3963,2761,12904,62,32,249,0,0,0,0,0,0,0,0,0,0,0,0,0,0,0,857,280,1829,0,0,0,418,386,1542,2247,1831,7979,0,0,0,379,232,1305
2,2005,404,'611300091',220,NO,KG,125,140,2799,109,130,2387,0,0,0,16,10,412,0,0,0,0,0,0,0,0,0,0,0,0,0,0,0,0,0,0,0,0,0,0,0,0,0,0,0
2,2005,404,'611300099',105,NO,KG,8638,3820,20195,394,105,1296,510,133,881,538,87,395,3749,1278,4024,358,449,1621,0,0,0,419,130,1377,651,370,3837,796,276,2735,585,304,2236,0,0,0,638,688,1793
2,2005,404,'611300099',220,NO,KG,92,63,1827,0,0,0,0,0,0,12,8,251,0,0,0,0,0,0,0,0,0,62,49,1355,0,0,0,18,6,221,0,0,0,0,0,0,0,0,0
2,2005,404,'611300099',304,NO,KG,595,119,1647,0,0,0,0,0,0,595,119,1647,0,0,0,0,0,0,0,0,0,0,0,0,0,0,0,0,0,0,0,0,0,0,0,0,0,0,0
2,2005,404,'611410010',105,NO,KG,23837,4222,33253,0,0,0,0,0,0,0,0,0,620,62,854,183,22,288,0,0,0,0,0,0,1869,253,2984,4968,936,6863,5648,1004,7224,7759,1370,12007,2790,575,3033
2,2005,404,'611410010',205,NO,KG,45,12,235,0,0,0,0,0,0,0,0,0,0,0,0,0,0,0,0,0,0,0,0,0,45,12,235,0,0,0,0,0,0,0,0,0,0,0,0
2,2005,404,'611410010',215,NO,KG,40,5,632,0,0,0,40,5,632,0,0,0,0,0,0,0,0,0,0,0,0,0,0,0,0,0,0,0,0,0,0,0,0,0,0,0,0,0,0
2,2005,404,'611410010',220,NO,KG,200,42,2377,0,0,0,0,0,0,16,5,657,0,0,0,0,0,0,0,0,0,0,0,0,0,0,0,80,24,292,104,13,1428,0,0,0,0,0,0
2,2005,404,'611410020',105,NO,KG,10722,1939,11556,0,0,0,726,125,945,711,78,230,0,0,0,0,0,0,0,0,0,0,0,0,763,146,854,1667,298,1454,2687,517,3705,2765,530,2994,1403,245,1374
2,2005,404,'611410020',215,NO,KG,16,3,217,0,0,0,0,0,0,0,0,0,0,0,0,0,0,0,0,0,0,0,0,0,0,0,0,16,3,217,0,0,0,0,0,0,0,0,0
2,2005,404,'611410020',220,NO,KG,16,10,273,0,0,0,0,0,0,16,10,273,0,0,0,0,0,0,0,0,0,0,0,0,0,0,0,0,0,0,0,0,0,0,0,0,0,0,0
2,2005,404,'611420010',103,NO,KG,72693,7961,46511,8704,940,1028,3117,303,1227,0,0,0,9349,858,4903,9207,1266,7500,13641,1546,11574,9541,964,6870,10591,1157,7445,6781,705,4881,1762,222,1083,0,0,0,0,0,0
2,2005,404,'611420010',105,NO,KG,584327,65745,291067,9770,1599,7422,25048,3494,14596,73542,7614,33622,112616,12799,58990,63493,7033,37305,125627,13343,54010,104817,10619,46214,22462,3017,14631,15621,2613,8033,10119,1219,3998,5490,667,3598,15722,1728,8648
2,2005,404,'611420010',106,NO,KG,791,193,943,0,0,0,0,0,0,0,0,0,0,0,0,0,0,0,0,0,0,0,0,0,190,9,362,0,0,0,601,184,581,0,0,0,0,0,0
2,2005,404,'611420010',110,NO,KG,1765,92,1581,0,0,0,0,0,0,0,0,0,1765,92,1581,0,0,0,0,0,0,0,0,0,0,0,0,0,0,0,0,0,0,0,0,0,0,0,0
2,2005,404,'611420010',111,NO,KG,2757,189,770,485,50,282,0,0,0,0,0,0,2272,139,488,0,0,0,0,0,0,0,0,0,0,0,0,0,0,0,0,0,0,0,0,0,0,0,0
2,2005,404,'611420010',118,NO,KG,3480,641,2601,0,0,0,535,105,297,941,123,599,683,164,929,395,80,250,0,0,0,0,0,0,474,102,270,0,0,0,452,67,256,0,0,0,0,0,0
2,2005,404,'611420010',123,NO,KG,21486,1894,6842,0,0,0,0,0,0,9201,705,2812,2189,115,422,1314,85,250,7523,663,2474,0,0,0,0,0,0,1259,326,884,0,0,0,0,0,0,0,0,0
2,2005,404,'611420010',205,NO,KG,816,69,1539,166,17,622,0,0,0,31,4,340,0,0,0,0,0,0,0,0,0,619,48,577,0,0,0,0,0,0,0,0,0,0,0,0,0,0,0
2,2005,404,'611420010',207,NO,KG,367,55,696,367,55,696,0,0,0,0,0,0,0,0,0,0,0,0,0,0,0,0,0,0,0,0,0,0,0,0,0,0,0,0,0,0,0,0,0
2,2005,404,'611420010',208,NO,KG,215,22,872,0,0,0,0,0,0,0,0,0,0,0,0,0,0,0,0,0,0,0,0,0,0,0,0,0,0,0,0,0,0,0,0,0,215,22,872
2,2005,404,'611420010',210,NO,KG,93,51,654,0,0,0,0,0,0,0,0,0,0,0,0,0,0,0,0,0,0,0,0,0,0,0,0,81,49,318,0,0,0,0,0,0,12,2,336
2,2005,404,'611420010',217,NO,KG,1077,170,1847,190,25,703,270,56,639,0,0,0,0,0,0,0,0,0,617,89,505,0,0,0,0,0,0,0,0,0,0,0,0,0,0,0,0,0,0
2,2005,404,'611420010',220,NO,KG,3245,551,11232,0,0,0,1526,235,3970,555,150,2216,0,0,0,0,0,0,0,0,0,113,18,414,31,7,255,0,0,0,327,51,809,0,0,0,693,90,3568
2,2005,404,'611420010',230,NO,KG,472,60,655,0,0,0,0,0,0,0,0,0,0,0,0,0,0,0,0,0,0,0,0,0,472,60,655,0,0,0,0,0,0,0,0,0,0,0,0
2,2005,404,'611420010',232,NO,KG,660,132,1562,0,0,0,0,0,0,0,0,0,0,0,0,660,132,1562,0,0,0,0,0,0,0,0,0,0,0,0,0,0,0,0,0,0,0,0,0
2,2005,404,'611420010',234,NO,KG,4189,693,4671,1318,330,2961,0,0,0,1797,228,1070,0,0,0,0,0,0,1074,135,640,0,0,0,0,0,0,0,0,0,0,0,0,0,0,0,0,0,0
2,2005,404,'611420010',239,NO,KG,1755,330,3603,0,0,0,209,44,590,1546,286,3013,0,0,0,0,0,0,0,0,0,0,0,0,0,0,0,0,0,0,0,0,0,0,0,0,0,0,0
2,2005,404,'611420010',243,NO,KG,95,26,654,95,26,654,0,0,0,0,0,0,0,0,0,0,0,0,0,0,0,0,0,0,0,0,0,0,0,0,0,0,0,0,0,0,0,0,0
2,2005,404,'611420010',304,NO,KG,14195,2094,22831,0,0,0,492,40,828,1409,145,1218,2682,361,6005,1242,177,2590,3520,336,4995,344,49,1201,474,61,875,0,0,0,784,99,2388,0,0,0,3248,826,2731
2,2005,404,'611420010',305,NO,KG,307,36,365,307,36,365,0,0,0,0,0,0,0,0,0,0,0,0,0,0,0,0,0,0,0,0,0,0,0,0,0,0,0,0,0,0,0,0,0
2,2005,404,'611420010',401,NO,KG,7073,1251,7906,0,0,0,0,0,0,1004,200,1055,0,0,0,501,50,552,736,75,894,736,200,733,1373,206,1408,0,0,0,1055,350,1306,904,90,1037,764,80,921
2,2005,404,'611420010',407,NO,KG,52,13,621,0,0,0,0,0,0,0,0,0,0,0,0,0,0,0,0,0,0,0,0,0,0,0,0,0,0,0,0,0,0,0,0,0,52,13,621
2,2005,404,'611420010',410,NO,KG,548,89,847,0,0,0,239,34,345,0,0,0,0,0,0,0,0,0,0,0,0,0,0,0,134,34,239,175,21,263,0,0,0,0,0,0,0,0,0
2,2005,404,'611420020',103,NO,KG,15247,1473,8846,0,0,0,400,32,396,459,45,336,3875,374,1805,1434,103,889,4646,414,2664,2333,229,1503,2100,276,1253,0,0,0,0,0,0,0,0,0,0,0,0
2,2005,404,'611420020',105,NO,KG,526084,54605,197858,3850,549,3997,22418,3099,11007,85540,8647,29518,128347,12272,41661,123069,10557,38156,64857,6822,22259,53239,7285,26807,29137,3366,17359,6333,894,2657,3974,365,1298,3835,384,1762,1485,365,1377
2,2005,404,'611420020',111,NO,KG,13029,1474,4711,0,0,0,1202,96,462,691,103,451,1380,148,413,3082,352,1069,465,93,302,4854,533,1099,0,0,0,615,61,426,0,0,0,0,0,0,740,88,489
2,2005,404,'611420020',118,NO,KG,801,93,526,0,0,0,0,0,0,317,43,207,484,50,319,0,0,0,0,0,0,0,0,0,0,0,0,0,0,0,0,0,0,0,0,0,0,0,0
2,2005,404,'611420020',121,NO,KG,317,60,444,317,60,444,0,0,0,0,0,0,0,0,0,0,0,0,0,0,0,0,0,0,0,0,0,0,0,0,0,0,0,0,0,0,0,0,0
2,2005,404,'611420020',123,NO,KG,67231,3518,12737,9437,499,1676,11142,471,1718,2633,308,1409,4923,464,1873,6475,452,1085,31407,1216,4741,1214,108,235,0,0,0,0,0,0,0,0,0,0,0,0,0,0,0
2,2005,404,'611420020',129,NO,KG,1197,200,2082,0,0,0,0,0,0,1197,200,2082,0,0,0,0,0,0,0,0,0,0,0,0,0,0,0,0,0,0,0,0,0,0,0,0,0,0,0
2,2005,404,'611420020',205,NO,KG,816,163,587,0,0,0,816,163,587,0,0,0,0,0,0,0,0,0,0,0,0,0,0,0,0,0,0,0,0,0,0,0,0,0,0,0,0,0,0
2,2005,404,'611420020',208,NO,KG,269,18,433,0,0,0,269,18,433,0,0,0,0,0,0,0,0,0,0,0,0,0,0,0,0,0,0,0,0,0,0,0,0,0,0,0,0,0,0
2,2005,404,'611420020',210,NO,KG,457,56,775,0,0,0,0,0,0,222,33,225,0,0,0,0,0,0,0,0,0,0,0,0,235,23,550,0,0,0,0,0,0,0,0,0,0,0,0
2,2005,404,'611420020',215,NO,KG,98,20,982,0,0,0,0,0,0,0,0,0,0,0,0,98,20,982,0,0,0,0,0,0,0,0,0,0,0,0,0,0,0,0,0,0,0,0,0
2,2005,404,'611420020',220,NO,KG,2670,659,8257,349,148,1447,908,282,3307,712,131,1794,32,3,227,0,0,0,112,14,400,117,15,266,0,0,0,0,0,0,0,0,0,0,0,0,440,66,816
2,2005,404,'611420020',234,NO,KG,2970,244,2402,0,0,0,0,0,0,0,0,0,2850,228,2192,0,0,0,0,0,0,0,0,0,120,16,210,0,0,0,0,0,0,0,0,0,0,0,0
2,2005,404,'611420020',239,NO,KG,280,72,787,0,0,0,280,72,787,0,0,0,0,0,0,0,0,0,0,0,0,0,0,0,0,0,0,0,0,0,0,0,0,0,0,0,0,0,0
2,2005,404,'611420020',304,NO,KG,12736,1584,8721,523,85,205,764,170,626,5117,563,3124,1809,234,1180,643,77,916,549,85,236,701,73,665,396,55,217,0,0,0,0,0,0,1765,189,930,469,53,622
2,2005,404,'611420020',504,NO,KG,799,160,1737,799,160,1737,0,0,0,0,0,0,0,0,0,0,0,0,0,0,0,0,0,0,0,0,0,0,0,0,0,0,0,0,0,0,0,0,0
2,2005,404,'611430011',103,NO,KG,404064,51137,251199,1080,221,2155,27602,2733,3915,74934,7558,11529,20850,2508,15977,11890,1337,10210,24745,2982,24511,8386,795,7194,33246,4471,30873,68108,8782,51566,74266,9777,52957,29820,5024,21427,29137,4949,18885
2,2005,404,'611430011',105,NO,KG,783475,106193,439135,13128,1911,7471,20691,4221,16597,103070,15289,53326,88449,14370,55270,66557,7443,31829,62647,6963,29805,84805,8874,38549,51539,7000,29603,128652,15166,70964,78302,12083,48260,39486,5374,26356,46149,7499,31105
2,2005,404,'611430011',106,NO,KG,42810,6258,27717,0,0,0,0,0,0,3287,295,1425,0,0,0,569,163,463,1899,235,926,6696,974,4004,1729,257,1236,1676,271,1903,10080,1621,7280,14792,2150,9228,2082,292,1252
2,2005,404,'611430011',110,NO,KG,562,107,1727,0,0,0,0,0,0,0,0,0,0,0,0,0,0,0,0,0,0,0,0,0,0,0,0,205,20,259,0,0,0,0,0,0,357,87,1468
2,2005,404,'611430011',111,NO,KG,62832,24886,57494,3460,1355,2844,13722,6096,12926,7940,3815,8015,19660,9139,20151,3220,1288,2982,1478,185,739,2004,506,1466,3466,744,2661,400,177,387,310,74,219,5741,1177,4167,1431,330,937
2,2005,404,'611430011',113,NO,KG,246,49,999,0,0,0,0,0,0,0,0,0,0,0,0,0,0,0,246,49,999,0,0,0,0,0,0,0,0,0,0,0,0,0,0,0,0,0,0
2,2005,404,'611430011',118,NO,KG,11200,3967,12780,1700,504,2081,2446,1314,3437,1270,389,1597,99,29,387,3270,886,2234,0,0,0,0,0,0,2415,845,3044,0,0,0,0,0,0,0,0,0,0,0,0
2,2005,404,'611430011',123,NO,KG,218,30,259,0,0,0,0,0,0,0,0,0,0,0,0,218,30,259,0,0,0,0,0,0,0,0,0,0,0,0,0,0,0,0,0,0,0,0,0
2,2005,404,'611430011',205,NO,KG,150,30,302,0,0,0,0,0,0,0,0,0,0,0,0,0,0,0,0,0,0,0,0,0,0,0,0,0,0,0,0,0,0,150,30,302,0,0,0
2,2005,404,'611430011',208,NO,KG,853,152,4087,0,0,0,158,29,643,0,0,0,395,72,1980,195,27,910,0,0,0,105,24,554,0,0,0,0,0,0,0,0,0,0,0,0,0,0,0
2,2005,404,'611430011',210,NO,KG,5547,644,11388,0,0,0,924,98,1881,680,82,1426,0,0,0,215,26,435,0,0,0,1139,130,2220,1284,154,2584,90,18,377,1215,136,2465,0,0,0,0,0,0
2,2005,404,'611430011',213,NO,KG,40,37,1177,0,0,0,0,0,0,0,0,0,0,0,0,0,0,0,0,0,0,18,10,520,0,0,0,0,0,0,0,0,0,0,0,0,22,27,657
2,2005,404,'611430011',217,NO,KG,77,19,282,0,0,0,0,0,0,0,0,0,0,0,0,0,0,0,0,0,0,0,0,0,0,0,0,0,0,0,0,0,0,0,0,0,77,19,282
2,2005,404,'611430011',218,NO,KG,545,232,2300,0,0,0,0,0,0,74,59,612,0,0,0,98,61,713,0,0,0,0,0,0,205,82,772,0,0,0,0,0,0,168,30,203,0,0,0
2,2005,404,'611430011',220,NO,KG,11052,1958,29845,268,53,1545,111,26,579,1313,212,2351,517,87,1887,2089,377,6774,512,60,805,384,56,842,265,40,672,412,87,972,607,131,1891,3887,734,8364,687,95,3163
2,2005,404,'611430011',221,NO,KG,2795,1173,10627,0,0,0,0,0,0,0,0,0,0,0,0,0,0,0,0,0,0,0,0,0,0,0,0,0,0,0,2795,1173,10627,0,0,0,0,0,0
2,2005,404,'611430011',224,NO,KG,355,90,2971,259,50,290,0,0,0,0,0,0,0,0,0,0,0,0,0,0,0,0,0,0,0,0,0,0,0,0,0,0,0,96,40,2681,0,0,0
2,2005,404,'611430011',225,NO,KG,471,107,2953,54,13,321,132,33,941,0,0,0,0,0,0,0,0,0,67,8,280,137,41,939,0,0,0,81,12,472,0,0,0,0,0,0,0,0,0
2,2005,404,'611430011',230,NO,KG,1123,168,778,0,0,0,0,0,0,749,112,521,374,56,257,0,0,0,0,0,0,0,0,0,0,0,0,0,0,0,0,0,0,0,0,0,0,0,0
2,2005,404,'611430011',231,NO,KG,940,172,1894,0,0,0,0,0,0,465,84,950,0,0,0,0,0,0,0,0,0,0,0,0,0,0,0,0,0,0,0,0,0,475,88,944,0,0,0
2,2005,404,'611430011',242,NO,KG,90,20,209,0,0,0,0,0,0,0,0,0,0,0,0,0,0,0,0,0,0,0,0,0,0,0,0,0,0,0,90,20,209,0,0,0,0,0,0
2,2005,404,'611430011',243,NO,KG,740,163,2121,0,0,0,0,0,0,0,0,0,0,0,0,0,0,0,0,0,0,0,0,0,0,0,0,740,163,2121,0,0,0,0,0,0,0,0,0
2,2005,404,'611430011',302,NO,KG,1945,143,4553,0,0,0,0,0,0,755,59,1506,0,0,0,0,0,0,0,0,0,0,0,0,363,36,918,612,36,1540,0,0,0,0,0,0,215,12,589
2,2005,404,'611430011',304,NO,KG,22335,4026,43471,852,115,1585,3877,615,6187,1236,226,3397,2072,240,3681,1595,190,2329,286,50,654,2323,451,3448,2298,552,7837,1635,435,3119,2446,425,3587,1272,151,2323,2443,576,5324
2,2005,404,'611430011',305,NO,KG,780,132,1183,0,0,0,0,0,0,500,65,386,0,0,0,0,0,0,0,0,0,0,0,0,280,67,797,0,0,0,0,0,0,0,0,0,0,0,0
2,2005,404,'611430011',306,NO,KG,474,158,542,0,0,0,0,0,0,0,0,0,0,0,0,0,0,0,0,0,0,138,74,246,336,84,296,0,0,0,0,0,0,0,0,0,0,0,0
2,2005,404,'611430011',401,NO,KG,243,25,290,0,0,0,0,0,0,0,0,0,0,0,0,0,0,0,0,0,0,0,0,0,0,0,0,0,0,0,0,0,0,243,25,290,0,0,0
2,2005,404,'611430011',410,NO,KG,1330,165,2601,0,0,0,0,0,0,0,0,0,394,43,342,0,0,0,0,0,0,133,22,231,545,46,682,199,40,1020,0,0,0,59,14,326,0,0,0
2,2005,404,'611430011',601,NO,KG,277,69,505,0,0,0,0,0,0,0,0,0,0,0,0,277,69,505,0,0,0,0,0,0,0,0,0,0,0,0,0,0,0,0,0,0,0,0,0
2,2005,404,'611430019',103,NO,KG,18617,2208,11428,0,0,0,0,0,0,1001,89,529,3007,379,2333,4208,399,2109,1918,206,1495,2442,255,1967,1664,150,1140,969,111,736,1641,328,412,0,0,0,1767,291,707
2,2005,404,'611430019',105,NO,KG,246022,31412,194342,8781,1095,6222,16362,2177,14325,27557,3532,19777,42461,5668,37440,27697,3301,21721,34641,3969,22836,24084,3413,21586,27527,3259,19890,15016,1966,12069,5424,729,5095,8051,1232,6556,8421,1071,6825
2,2005,404,'611430019',108,NO,KG,690,117,280,0,0,0,0,0,0,0,0,0,0,0,0,690,117,280,0,0,0,0,0,0,0,0,0,0,0,0,0,0,0,0,0,0,0,0,0
2,2005,404,'611430019',110,NO,KG,9,1,265,9,1,265,0,0,0,0,0,0,0,0,0,0,0,0,0,0,0,0,0,0,0,0,0,0,0,0,0,0,0,0,0,0,0,0,0
2,2005,404,'611430019',123,NO,KG,1115,163,1614,0,0,0,0,0,0,0,0,0,650,93,1336,0,0,0,0,0,0,465,70,278,0,0,0,0,0,0,0,0,0,0,0,0,0,0,0
2,2005,404,'611430019',217,NO,KG,456,63,237,0,0,0,0,0,0,0,0,0,0,0,0,0,0,0,0,0,0,0,0,0,0,0,0,0,0,0,456,63,237,0,0,0,0,0,0
2,2005,404,'611430019',220,NO,KG,1540,357,9495,251,123,3938,0,0,0,782,143,2950,0,0,0,200,32,485,43,7,625,0,0,0,28,7,250,25,1,214,0,0,0,135,27,310,76,17,723
2,2005,404,'611430019',224,NO,KG,41,14,1108,0,0,0,0,0,0,0,0,0,0,0,0,0,0,0,0,0,0,0,0,0,0,0,0,0,0,0,0,0,0,41,14,1108,0,0,0
2,2005,404,'611430019',230,NO,KG,63,11,484,0,0,0,0,0,0,0,0,0,0,0,0,0,0,0,0,0,0,0,0,0,0,0,0,0,0,0,0,0,0,0,0,0,63,11,484
2,2005,404,'611430019',231,NO,KG,383,67,894,0,0,0,383,67,894,0,0,0,0,0,0,0,0,0,0,0,0,0,0,0,0,0,0,0,0,0,0,0,0,0,0,0,0,0,0
2,2005,404,'611430019',234,NO,KG,505,97,997,0,0,0,0,0,0,121,22,209,0,0,0,0,0,0,217,45,573,0,0,0,0,0,0,0,0,0,0,0,0,0,0,0,167,30,215
2,2005,404,'611430019',304,NO,KG,1087,134,856,0,0,0,0,0,0,0,0,0,0,0,0,0,0,0,0,0,0,0,0,0,0,0,0,0,0,0,0,0,0,0,0,0,1087,134,856
2,2005,404,'611430019',410,NO,KG,159,33,232,0,0,0,0,0,0,0,0,0,0,0,0,0,0,0,0,0,0,0,0,0,159,33,232,0,0,0,0,0,0,0,0,0,0,0,0
2,2005,404,'611430019',601,NO,KG,55,13,438,0,0,0,0,0,0,0,0,0,0,0,0,0,0,0,55,13,438,0,0,0,0,0,0,0,0,0,0,0,0,0,0,0,0,0,0
2,2005,404,'611430021',103,NO,KG,41660,4214,27535,248,40,212,4080,291,2008,560,32,432,4560,494,2953,6889,686,3988,7112,835,5925,3070,257,2043,2168,246,2288,8117,777,5222,2382,309,1429,0,0,0,2474,247,1035
2,2005,404,'611430021',105,NO,KG,199160,27151,99992,3781,512,1955,10871,1181,5540,25466,3270,11631,39512,4508,16211,23363,2237,7128,32308,3510,11244,15902,1959,7786,14522,3858,16272,9875,1646,5516,11644,2434,8008,4393,906,4505,7523,1130,4196
2,2005,404,'611430021',106,NO,KG,8515,1204,5649,0,0,0,903,110,543,2064,359,1389,4733,587,3022,0,0,0,0,0,0,815,148,695,0,0,0,0,0,0,0,0,0,0,0,0,0,0,0
2,2005,404,'611430021',108,NO,KG,1388,290,514,0,0,0,0,0,0,0,0,0,922,199,310,0,0,0,466,91,204,0,0,0,0,0,0,0,0,0,0,0,0,0,0,0,0,0,0
2,2005,404,'611430021',111,NO,KG,1676,88,379,0,0,0,0,0,0,0,0,0,0,0,0,1676,88,379,0,0,0,0,0,0,0,0,0,0,0,0,0,0,0,0,0,0,0,0,0
2,2005,404,'611430021',118,NO,KG,86,25,355,0,0,0,0,0,0,0,0,0,0,0,0,0,0,0,0,0,0,0,0,0,0,0,0,0,0,0,86,25,355,0,0,0,0,0,0
2,2005,404,'611430021',123,NO,KG,2564,128,476,2564,128,476,0,0,0,0,0,0,0,0,0,0,0,0,0,0,0,0,0,0,0,0,0,0,0,0,0,0,0,0,0,0,0,0,0
2,2005,404,'611430021',210,NO,KG,2098,285,4998,0,0,0,204,20,332,162,13,823,294,58,559,128,25,246,0,0,0,134,26,217,915,91,2330,0,0,0,261,52,491,0,0,0,0,0,0
2,2005,404,'611430021',220,NO,KG,327,72,778,0,0,0,0,0,0,0,0,0,327,72,778,0,0,0,0,0,0,0,0,0,0,0,0,0,0,0,0,0,0,0,0,0,0,0,0
2,2005,404,'611430021',224,NO,KG,91,18,207,0,0,0,0,0,0,0,0,0,0,0,0,0,0,0,0,0,0,0,0,0,0,0,0,0,0,0,0,0,0,91,18,207,0,0,0
2,2005,404,'611430021',225,NO,KG,46,9,211,0,0,0,0,0,0,0,0,0,0,0,0,0,0,0,0,0,0,0,0,0,46,9,211,0,0,0,0,0,0,0,0,0,0,0,0
2,2005,404,'611430021',230,NO,KG,300,45,208,0,0,0,0,0,0,300,45,208,0,0,0,0,0,0,0,0,0,0,0,0,0,0,0,0,0,0,0,0,0,0,0,0,0,0,0
2,2005,404,'611430021',231,NO,KG,750,115,1954,0,0,0,0,0,0,0,0,0,0,0,0,750,115,1954,0,0,0,0,0,0,0,0,0,0,0,0,0,0,0,0,0,0,0,0,0
2,2005,404,'611430021',234,NO,KG,831,160,1441,831,160,1441,0,0,0,0,0,0,0,0,0,0,0,0,0,0,0,0,0,0,0,0,0,0,0,0,0,0,0,0,0,0,0,0,0
2,2005,404,'611430021',245,NO,KG,200,30,269,200,30,269,0,0,0,0,0,0,0,0,0,0,0,0,0,0,0,0,0,0,0,0,0,0,0,0,0,0,0,0,0,0,0,0,0
2,2005,404,'611430021',304,NO,KG,1488,223,3977,0,0,0,763,115,2321,64,19,416,0,0,0,268,32,321,133,30,392,0,0,0,0,0,0,66,7,213,0,0,0,194,20,314,0,0,0
2,2005,404,'611430021',410,NO,KG,102,17,360,0,0,0,0,0,0,102,17,360,0,0,0,0,0,0,0,0,0,0,0,0,0,0,0,0,0,0,0,0,0,0,0,0,0,0,0
2,2005,404,'611430021',601,NO,KG,53,19,430,0,0,0,0,0,0,0,0,0,0,0,0,0,0,0,0,0,0,0,0,0,53,19,430,0,0,0,0,0,0,0,0,0,0,0,0
2,2005,404,'611430029',103,NO,KG,5209,547,4585,0,0,0,0,0,0,431,44,546,1892,223,1408,702,73,861,303,50,454,1231,88,628,650,69,688,0,0,0,0,0,0,0,0,0,0,0,0
2,2005,404,'611430029',105,NO,KG,87853,11572,54399,3280,496,2756,2540,496,1986,11075,1801,8773,19471,2532,11843,12501,1509,7491,7215,803,4359,8038,1129,5164,4366,653,3331,3319,311,1940,11317,1318,2480,2976,331,2576,1755,193,1700
2,2005,404,'611430029',110,NO,KG,390,39,215,0,0,0,0,0,0,0,0,0,0,0,0,0,0,0,0,0,0,0,0,0,0,0,0,390,39,215,0,0,0,0,0,0,0,0,0
2,2005,404,'611430029',210,NO,KG,155,21,485,0,0,0,0,0,0,155,21,485,0,0,0,0,0,0,0,0,0,0,0,0,0,0,0,0,0,0,0,0,0,0,0,0,0,0,0
2,2005,404,'611430029',220,NO,KG,456,55,1806,152,13,540,0,0,0,0,0,0,256,31,928,0,0,0,0,0,0,0,0,0,0,0,0,0,0,0,0,0,0,48,11,338,0,0,0
2,2005,404,'611430029',234,NO,KG,1086,170,2273,0,0,0,0,0,0,0,0,0,0,0,0,637,95,1108,0,0,0,449,75,1165,0,0,0,0,0,0,0,0,0,0,0,0,0,0,0
2,2005,404,'611430029',304,NO,KG,251,29,1048,0,0,0,0,0,0,0,0,0,0,0,0,175,21,789,0,0,0,0,0,0,0,0,0,76,8,259,0,0,0,0,0,0,0,0,0
2,2005,404,'611490010',105,NO,KG,32312,4365,37483,1684,208,3242,817,119,1160,3402,605,6725,8428,1082,8947,3325,495,4039,4170,577,4317,8531,1032,6298,1790,214,2057,0,0,0,165,33,698,0,0,0,0,0,0
2,2005,404,'611490010',210,NO,KG,14,5,289,0,0,0,0,0,0,0,0,0,0,0,0,0,0,0,0,0,0,0,0,0,14,5,289,0,0,0,0,0,0,0,0,0,0,0,0
2,2005,404,'611490010',217,NO,KG,348,38,325,0,0,0,0,0,0,0,0,0,348,38,325,0,0,0,0,0,0,0,0,0,0,0,0,0,0,0,0,0,0,0,0,0,0,0,0
2,2005,404,'611490010',220,NO,KG,243,76,2450,24,23,673,0,0,0,0,0,0,0,0,0,0,0,0,0,0,0,167,40,779,0,0,0,52,13,998,0,0,0,0,0,0,0,0,0
2,2005,404,'611490010',304,NO,KG,120,22,753,0,0,0,0,0,0,0,0,0,0,0,0,0,0,0,0,0,0,0,0,0,0,0,0,0,0,0,0,0,0,40,6,412,80,16,341
2,2005,404,'611490020',105,NO,KG,12329,1517,10490,1042,107,1217,3740,388,1900,456,50,515,3495,411,2564,1530,258,1813,997,99,585,1069,204,1896,0,0,0,0,0,0,0,0,0,0,0,0,0,0,0
2,2005,404,'611490020',210,NO,KG,117,18,577,0,0,0,35,6,241,0,0,0,0,0,0,82,12,336,0,0,0,0,0,0,0,0,0,0,0,0,0,0,0,0,0,0,0,0,0
2,2005,404,'611490020',220,NO,KG,55,18,1254,30,15,781,0,0,0,0,0,0,0,0,0,0,0,0,0,0,0,0,0,0,0,0,0,0,0,0,0,0,0,25,3,473,0,0,0
2,2005,404,'611511000',105,NO,KG,258882,11118,26136,6817,440,1111,4800,234,449,55610,1601,3433,4720,164,294,47609,1418,2907,4460,190,642,860,101,217,45285,2071,8337,17326,1250,2830,37177,2011,2824,7200,675,1215,27018,963,1877
2,2005,404,'611511000',106,NO,KG,7334,230,897,0,0,0,0,0,0,6473,183,540,0,0,0,0,0,0,0,0,0,0,0,0,0,0,0,861,47,357,0,0,0,0,0,0,0,0,0
2,2005,404,'611511000',111,NO,KG,267,70,231,0,0,0,0,0,0,267,70,231,0,0,0,0,0,0,0,0,0,0,0,0,0,0,0,0,0,0,0,0,0,0,0,0,0,0,0
2,2005,404,'611511000',213,NO,KG,42391,2702,10403,1177,30,601,0,0,0,5851,379,2000,3500,194,479,0,0,0,199,29,537,0,0,0,0,0,0,14350,925,2486,14064,875,3610,3250,270,690,0,0,0
2,2005,404,'611511000',215,NO,KG,1739,339,5693,166,16,552,79,23,259,80,16,313,103,20,325,205,45,652,199,30,595,170,34,608,197,31,701,74,11,246,246,77,672,69,6,243,151,30,527
2,2005,404,'611511000',218,NO,KG,7257,415,5785,0,0,0,0,0,0,5400,260,3772,0,0,0,0,0,0,1607,136,1764,0,0,0,0,0,0,0,0,0,250,19,249,0,0,0,0,0,0
2,2005,404,'611511000',220,NO,KG,29638,1139,13213,0,0,0,0,0,0,6638,162,2606,591,111,1570,642,15,210,1145,23,483,805,16,390,9307,480,4213,477,50,483,6055,208,2518,480,9,255,3498,65,485
2,2005,404,'611511000',225,NO,KG,30970,1599,38488,1136,68,1622,1692,72,2459,772,41,952,1186,63,1285,680,36,636,316,15,481,7132,476,10400,1979,118,2063,2886,143,3558,10415,476,11235,2386,76,3189,390,15,608
2,2005,404,'611511000',304,NO,KG,23495,1410,12330,1195,37,325,1508,59,689,0,0,0,2653,149,1082,693,50,435,3102,237,1315,324,21,212,4029,292,2155,0,0,0,1754,121,1402,6360,356,3869,1877,88,846
2,2005,404,'611512000',105,NO,KG,38213,3494,6824,0,0,0,0,0,0,0,0,0,0,0,0,0,0,0,0,0,0,373,65,879,0,0,0,0,0,0,23820,1630,2332,9800,1406,2653,4220,393,960
2,2005,404,'611512000',106,NO,KG,10551,682,3072,1975,107,292,3794,178,595,0,0,0,1719,227,1022,0,0,0,0,0,0,0,0,0,0,0,0,0,0,0,124,28,477,0,0,0,2939,142,686
2,2005,404,'611512000',111,NO,KG,3580,690,1354,0,0,0,0,0,0,0,0,0,0,0,0,0,0,0,0,0,0,0,0,0,0,0,0,3580,690,1354,0,0,0,0,0,0,0,0,0
2,2005,404,'611512000',205,NO,KG,4164,228,3082,0,0,0,0,0,0,0,0,0,0,0,0,0,0,0,0,0,0,0,0,0,0,0,0,0,0,0,1896,128,1290,0,0,0,2268,100,1792
2,2005,404,'611512000',213,NO,KG,3685,886,13614,0,0,0,774,171,2090,80,14,275,75,40,358,512,109,2023,198,33,653,0,0,0,546,95,1595,139,32,527,549,145,2451,0,0,0,812,247,3642
2,2005,404,'611512000',218,NO,KG,4072,421,5589,478,49,530,0,0,0,2694,326,4490,0,0,0,0,0,0,0,0,0,0,0,0,298,9,301,0,0,0,602,37,268,0,0,0,0,0,0
2,2005,404,'611512000',220,NO,KG,50373,4656,36822,1300,84,793,2900,177,2469,0,0,0,4400,272,3363,4210,295,2127,0,0,0,4400,310,3316,1355,27,843,4224,298,2193,13199,1473,10037,12785,1617,10662,1600,103,1019
2,2005,404,'611512000',304,NO,KG,63800,7433,56278,9560,1060,9143,8560,945,7205,4440,444,3231,480,23,432,3780,567,2849,2460,492,1968,4300,860,3546,5640,564,5349,5700,405,5068,4791,560,4623,8460,903,8059,5629,610,4805
2,2005,404,'611519000',105,NO,KG,28881,2830,6112,498,44,218,0,0,0,0,0,0,0,0,0,0,0,0,0,0,0,615,18,256,17120,1362,2608,1730,144,275,3084,568,1222,750,182,367,5084,512,1166
2,2005,404,'611519000',106,NO,KG,1526,70,317,0,0,0,0,0,0,0,0,0,1526,70,317,0,0,0,0,0,0,0,0,0,0,0,0,0,0,0,0,0,0,0,0,0,0,0,0
2,2005,404,'611519000',111,NO,KG,11405,2071,3704,0,0,0,1785,358,494,0,0,0,0,0,0,0,0,0,0,0,0,0,0,0,0,0,0,9020,1581,2970,0,0,0,600,132,240,0,0,0
2,2005,404,'611519000',210,NO,KG,669,105,1141,0,0,0,0,0,0,0,0,0,0,0,0,0,0,0,0,0,0,669,105,1141,0,0,0,0,0,0,0,0,0,0,0,0,0,0,0
2,2005,404,'611519000',213,NO,KG,277,40,791,0,0,0,0,0,0,0,0,0,0,0,0,0,0,0,0,0,0,0,0,0,277,40,791,0,0,0,0,0,0,0,0,0,0,0,0
2,2005,404,'611519000',217,NO,KG,2176,142,2135,512,27,304,0,0,0,0,0,0,0,0,0,0,0,0,0,0,0,1442,77,1603,222,38,228,0,0,0,0,0,0,0,0,0,0,0,0
2,2005,404,'611519000',220,NO,KG,3151,146,2087,1822,82,1024,0,0,0,0,0,0,972,55,553,0,0,0,0,0,0,199,5,295,0,0,0,0,0,0,0,0,0,158,4,215,0,0,0
2,2005,404,'611519000',225,NO,KG,780,48,1347,0,0,0,0,0,0,0,0,0,0,0,0,0,0,0,0,0,0,780,48,1347,0,0,0,0,0,0,0,0,0,0,0,0,0,0,0
2,2005,404,'611519000',304,NO,KG,3047,187,845,0,0,0,0,0,0,0,0,0,0,0,0,0,0,0,1787,80,362,0,0,0,0,0,0,0,0,0,0,0,0,90,12,222,1170,95,261
2,2005,404,'611520015',105,PR,KG,86730,2636,5397,19580,741,1263,0,0,0,0,0,0,24700,473,934,6000,136,664,5400,68,213,0,0,0,19600,800,1272,11100,400,786,0,0,0,350,18,265,0,0,0
2,2005,404,'611520015',215,PR,KG,2464,365,6806,182,36,470,141,28,391,0,0,0,148,18,439,275,44,646,202,20,540,374,37,1020,357,35,979,155,15,442,293,95,834,162,16,501,175,21,544
2,2005,404,'611520015',220,PR,KG,9780,546,5153,0,0,0,1320,26,613,248,24,232,4097,171,1433,0,0,0,260,26,233,510,51,452,2081,117,986,415,41,379,335,39,340,230,23,217,284,28,268
2,2005,404,'611520015',225,PR,KG,3035,121,2137,0,0,0,0,0,0,0,0,0,0,0,0,294,14,349,318,12,223,366,14,338,0,0,0,0,0,0,2057,81,1227,0,0,0,0,0,0
2,2005,404,'611520025',105,PR,KG,4080,238,216,0,0,0,0,0,0,0,0,0,0,0,0,0,0,0,0,0,0,0,0,0,0,0,0,4080,238,216,0,0,0,0,0,0,0,0,0
2,2005,404,'611520035',225,PR,KG,312,18,278,0,0,0,0,0,0,0,0,0,0,0,0,0,0,0,0,0,0,312,18,278,0,0,0,0,0,0,0,0,0,0,0,0,0,0,0
2,2005,404,'611591500',103,PR,KG,300,49,399,0,0,0,0,0,0,0,0,0,0,0,0,0,0,0,0,0,0,0,0,0,0,0,0,0,0,0,0,0,0,0,0,0,300,49,399
2,2005,404,'611591500',105,PR,KG,7740,424,1456,0,0,0,0,0,0,0,0,0,0,0,0,0,0,0,0,0,0,0,0,0,1450,126,688,0,0,0,0,0,0,6290,298,768,0,0,0
2,2005,404,'611591500',111,PR,KG,11047,928,2697,0,0,0,0,0,0,0,0,0,0,0,0,0,0,0,0,0,0,0,0,0,0,0,0,6247,762,1293,0,0,0,0,0,0,4800,166,1404
2,2005,404,'611591500',118,PR,KG,1026,92,709,0,0,0,0,0,0,1026,92,709,0,0,0,0,0,0,0,0,0,0,0,0,0,0,0,0,0,0,0,0,0,0,0,0,0,0,0
2,2005,404,'611591500',123,PR,KG,845,89,213,0,0,0,0,0,0,0,0,0,0,0,0,0,0,0,0,0,0,0,0,0,0,0,0,0,0,0,845,89,213,0,0,0,0,0,0
2,2005,404,'611591500',204,PR,KG,3126,1056,4189,0,0,0,0,0,0,0,0,0,0,0,0,0,0,0,0,0,0,0,0,0,0,0,0,310,264,399,1060,361,1395,384,124,514,1372,307,1881
2,2005,404,'611591500',206,PR,KG,610,58,744,0,0,0,0,0,0,0,0,0,0,0,0,0,0,0,0,0,0,0,0,0,610,58,744,0,0,0,0,0,0,0,0,0,0,0,0
2,2005,404,'611591500',210,PR,KG,261,18,238,0,0,0,0,0,0,0,0,0,0,0,0,0,0,0,0,0,0,261,18,238,0,0,0,0,0,0,0,0,0,0,0,0,0,0,0
2,2005,404,'611591500',213,PR,KG,1370,68,965,0,0,0,0,0,0,0,0,0,0,0,0,0,0,0,0,0,0,0,0,0,0,0,0,870,37,551,0,0,0,0,0,0,500,31,414
2,2005,404,'611591500',220,PR,KG,3656,224,4145,0,0,0,0,0,0,0,0,0,0,0,0,0,0,0,0,0,0,2564,152,3149,648,38,570,0,0,0,444,34,426,0,0,0,0,0,0
2,2005,404,'611591500',601,PR,KG,1240,105,898,0,0,0,0,0,0,0,0,0,0,0,0,0,0,0,0,0,0,0,0,0,0,0,0,0,0,0,0,0,0,1240,105,898,0,0,0
2,2005,404,'611592500',103,PR,KG,115038,4887,18938,0,0,0,6004,158,473,54973,1784,6795,0,0,0,24870,1024,2770,8160,357,1132,8420,436,1449,0,0,0,4415,227,834,3700,165,520,0,0,0,4496,736,4965
2,2005,404,'611592500',105,PR,KG,3287335,143753,280465,57294,3311,5241,221220,10868,17977,482510,19913,37605,509615,18713,34367,182921,7008,14752,198637,9000,19268,236990,9488,21196,353681,15525,32106,206506,9334,17162,407491,20211,41735,185185,9386,17539,245285,10996,21517
2,2005,404,'611592500',110,PR,KG,813820,21163,45175,22080,1036,1572,62100,2713,6309,44430,1920,4386,115754,6082,11255,30917,265,4151,381449,411,2353,2240,99,266,38000,2409,3950,0,0,0,23730,770,2419,49120,2966,4931,44000,2492,3583
2,2005,404,'611592500',111,PR,KG,694274,28609,94453,91830,4002,11418,112758,4501,15901,91102,3663,11463,119690,4395,17017,126230,4748,17802,17200,971,3312,35968,1846,4613,39216,1649,4799,14240,529,1613,12120,660,957,11260,499,929,22660,1146,4629
2,2005,404,'611592500',117,PR,KG,1080,107,646,0,0,0,0,0,0,0,0,0,0,0,0,0,0,0,1080,107,646,0,0,0,0,0,0,0,0,0,0,0,0,0,0,0,0,0,0
2,2005,404,'611592500',118,PR,KG,223664,11057,30826,26781,1235,3245,41633,2098,5025,25233,1299,3364,44699,2097,6198,41448,2343,6632,7675,290,1057,8408,452,1254,11252,472,1520,8989,371,1378,1640,82,299,2504,102,346,3402,216,508
2,2005,404,'611592500',123,PR,KG,26800,969,2472,0,0,0,17600,629,1626,0,0,0,0,0,0,0,0,0,4000,148,357,0,0,0,5200,192,489,0,0,0,0,0,0,0,0,0,0,0,0
2,2005,404,'611592500',207,PR,KG,2978,212,1193,0,0,0,2148,150,827,0,0,0,0,0,0,0,0,0,0,0,0,0,0,0,0,0,0,0,0,0,830,62,366,0,0,0,0,0,0
2,2005,404,'611592500',208,PR,KG,1710,95,671,0,0,0,0,0,0,0,0,0,0,0,0,0,0,0,1710,95,671,0,0,0,0,0,0,0,0,0,0,0,0,0,0,0,0,0,0
2,2005,404,'611592500',210,PR,KG,1008,67,809,0,0,0,693,42,491,0,0,0,0,0,0,0,0,0,0,0,0,315,25,318,0,0,0,0,0,0,0,0,0,0,0,0,0,0,0
2,2005,404,'611592500',217,PR,KG,7179,287,3345,435,21,234,0,0,0,3336,49,1133,0,0,0,0,0,0,0,0,0,477,95,422,0,0,0,0,0,0,0,0,0,0,0,0,2931,122,1556
2,2005,404,'611592500',220,PR,KG,33985,2378,20776,2727,332,1722,5210,418,4371,6820,203,2690,8880,825,5692,1381,85,535,489,6,375,4860,324,3205,444,14,282,0,0,0,0,0,0,0,0,0,3174,171,1904
2,2005,404,'611592500',227,PR,KG,1212,23,373,0,0,0,0,0,0,1212,23,373,0,0,0,0,0,0,0,0,0,0,0,0,0,0,0,0,0,0,0,0,0,0,0,0,0,0,0
2,2005,404,'611592500',230,PR,KG,852,45,533,0,0,0,0,0,0,0,0,0,0,0,0,0,0,0,0,0,0,852,45,533,0,0,0,0,0,0,0,0,0,0,0,0,0,0,0
2,2005,404,'611592500',234,PR,KG,4060,665,3706,0,0,0,0,0,0,0,0,0,0,0,0,0,0,0,0,0,0,0,0,0,0,0,0,0,0,0,0,0,0,0,0,0,4060,665,3706
2,2005,404,'611592500',304,PR,KG,11757,907,5377,0,0,0,2400,109,255,432,43,208,0,0,0,0,0,0,1915,144,1106,1890,82,591,1588,170,961,1588,114,862,960,107,789,0,0,0,984,138,605
2,2005,404,'611592500',401,PR,KG,2700,442,2230,0,0,0,0,0,0,0,0,0,0,0,0,0,0,0,0,0,0,0,0,0,0,0,0,0,0,0,0,0,0,0,0,0,2700,442,2230
2,2005,404,'611592500',601,PR,KG,600,44,254,0,0,0,0,0,0,0,0,0,0,0,0,0,0,0,600,44,254,0,0,0,0,0,0,0,0,0,0,0,0,0,0,0,0,0,0
2,2005,404,'611593500',103,PR,KG,19875,855,2566,0,0,0,0,0,0,0,0,0,0,0,0,645,64,306,0,0,0,3840,119,301,2590,112,407,0,0,0,6000,330,500,0,0,0,6800,230,1052
2,2005,404,'611593500',105,PR,KG,2422991,106596,199834,54867,2411,3889,152510,6006,8887,254842,9846,17586,458804,16421,29551,83814,2274,6065,42749,1227,2431,85764,3289,6540,302788,14127,27820,227376,10987,18634,317598,16392,32393,249415,13187,24685,192464,10429,21353
2,2005,404,'611593500',106,PR,KG,2211,254,1245,900,99,272,640,88,209,0,0,0,0,0,0,0,0,0,0,0,0,0,0,0,0,0,0,0,0,0,671,67,764,0,0,0,0,0,0
2,2005,404,'611593500',110,PR,KG,619529,32234,53746,24950,988,1844,68020,3845,5684,109690,6615,10221,127140,6284,10614,33050,1519,2113,0,0,0,0,0,0,99390,5307,8749,85150,3729,7173,30349,1759,3817,33630,1825,2757,8160,363,774
2,2005,404,'611593500',111,PR,KG,72700,3467,8109,11050,694,1499,6960,273,493,21840,911,1725,5000,306,794,3120,128,336,2200,53,361,2200,53,358,3240,155,250,3510,236,542,4200,280,653,4580,186,354,4800,192,744
2,2005,404,'611593500',118,PR,KG,67036,3218,8160,3970,144,497,9896,543,1155,29750,1588,3273,0,0,0,0,0,0,0,0,0,0,0,0,12488,550,1776,6900,235,857,0,0,0,4032,158,602,0,0,0
2,2005,404,'611593500',123,PR,KG,28640,1207,2767,0,0,0,0,0,0,0,0,0,0,0,0,0,0,0,0,0,0,0,0,0,12960,529,1243,0,0,0,9920,430,951,5760,248,573,0,0,0
2,2005,404,'611593500',143,PR,KG,4190,425,1585,0,0,0,1080,110,392,1570,160,586,0,0,0,0,0,0,590,60,236,950,95,371,0,0,0,0,0,0,0,0,0,0,0,0,0,0,0
2,2005,404,'611593500',203,PR,KG,410,35,206,0,0,0,0,0,0,410,35,206,0,0,0,0,0,0,0,0,0,0,0,0,0,0,0,0,0,0,0,0,0,0,0,0,0,0,0
2,2005,404,'611593500',207,PR,KG,680,47,233,0,0,0,0,0,0,680,47,233,0,0,0,0,0,0,0,0,0,0,0,0,0,0,0,0,0,0,0,0,0,0,0,0,0,0,0
2,2005,404,'611593500',213,PR,KG,9637,1206,15849,0,0,0,970,167,1736,3600,219,2340,346,89,1182,341,75,1161,329,60,1092,272,45,944,213,58,880,2070,154,1306,524,107,1827,0,0,0,972,232,3381
2,2005,404,'611593500',217,PR,KG,1550,133,994,0,0,0,0,0,0,0,0,0,0,0,0,0,0,0,0,0,0,0,0,0,0,0,0,0,0,0,750,63,502,800,70,492,0,0,0
2,2005,404,'611593500',218,PR,KG,3222,237,2516,2338,150,1795,0,0,0,459,51,454,0,0,0,0,0,0,425,36,267,0,0,0,0,0,0,0,0,0,0,0,0,0,0,0,0,0,0
2,2005,404,'611593500',220,PR,KG,101336,7172,61612,690,76,643,11525,676,7624,14322,730,10167,6640,404,4617,3537,294,2390,6300,551,3925,9392,825,6648,930,27,240,11907,615,4182,10550,966,7181,23458,1807,12445,2085,201,1550
2,2005,404,'611593500',304,PR,KG,303356,14148,124876,54480,2724,22286,46200,2310,17950,18720,936,7323,27480,1326,10912,13200,264,5207,14520,363,5860,13320,333,5616,27240,1362,11402,28960,1523,12325,23528,1249,10102,16051,777,7082,19657,981,8811
2,2005,404,'611593500',601,PR,KG,1500,95,1056,0,0,0,600,48,429,0,0,0,0,0,0,0,0,0,0,0,0,0,0,0,0,0,0,0,0,0,0,0,0,900,47,627,0,0,0
2,2005,404,'611599500',105,PR,KG,59020,1899,4981,0,0,0,0,0,0,2000,86,211,32200,969,2293,7800,247,567,0,0,0,5790,100,716,7740,344,796,0,0,0,0,0,0,0,0,0,3490,153,398
2,2005,404,'611610151',105,PR,KG,4000,137,618,0,0,0,0,0,0,0,0,0,0,0,0,0,0,0,0,0,0,0,0,0,0,0,0,0,0,0,0,0,0,0,0,0,4000,137,618
2,2005,404,'611610152',105,PR,KG,2773,164,664,0,0,0,0,0,0,1448,54,383,1325,110,281,0,0,0,0,0,0,0,0,0,0,0,0,0,0,0,0,0,0,0,0,0,0,0,0
2,2005,404,'611610161',105,PR,KG,3600,430,207,0,0,0,3600,430,207,0,0,0,0,0,0,0,0,0,0,0,0,0,0,0,0,0,0,0,0,0,0,0,0,0,0,0,0,0,0
2,2005,404,'611610162',105,PR,KG,20000,380,510,0,0,0,0,0,0,20000,380,510,0,0,0,0,0,0,0,0,0,0,0,0,0,0,0,0,0,0,0,0,0,0,0,0,0,0,0
2,2005,404,'611610251',103,PR,KG,13500,279,816,0,0,0,13500,279,816,0,0,0,0,0,0,0,0,0,0,0,0,0,0,0,0,0,0,0,0,0,0,0,0,0,0,0,0,0,0
2,2005,404,'611610251',105,PR,KG,10250,414,3593,0,0,0,0,0,0,1432,176,2036,0,0,0,6400,126,400,0,0,0,0,0,0,0,0,0,0,0,0,0,0,0,0,0,0,2418,112,1157
2,2005,404,'611610251',110,PR,KG,48000,2812,2777,0,0,0,0,0,0,0,0,0,18000,1032,1146,0,0,0,0,0,0,0,0,0,0,0,0,0,0,0,0,0,0,0,0,0,30000,1780,1631
2,2005,404,'611610251',118,PR,KG,900,61,379,0,0,0,0,0,0,0,0,0,0,0,0,0,0,0,0,0,0,0,0,0,0,0,0,0,0,0,900,61,379,0,0,0,0,0,0
2,2005,404,'611610251',125,PR,KG,12183,789,6116,0,0,0,0,0,0,0,0,0,0,0,0,0,0,0,500,136,223,1523,168,2594,3989,281,1963,6171,204,1336,0,0,0,0,0,0,0,0,0
2,2005,404,'611610251',210,PR,KG,210,20,435,0,0,0,0,0,0,0,0,0,0,0,0,0,0,0,0,0,0,0,0,0,0,0,0,0,0,0,0,0,0,0,0,0,210,20,435
2,2005,404,'611610251',304,PR,KG,480,31,232,0,0,0,0,0,0,0,0,0,0,0,0,0,0,0,480,31,232,0,0,0,0,0,0,0,0,0,0,0,0,0,0,0,0,0,0
2,2005,404,'611610252',103,PR,KG,10800,857,1394,0,0,0,0,0,0,0,0,0,0,0,0,0,0,0,0,0,0,0,0,0,0,0,0,0,0,0,10800,857,1394,0,0,0,0,0,0
2,2005,404,'611610252',105,PR,KG,232917,14382,105498,15168,964,7164,22930,1450,11305,42119,2721,19047,36754,2274,16479,22971,1085,7792,18198,1050,8219,15457,921,7998,20425,1144,9791,7568,815,5676,9458,795,3942,6954,382,2313,14915,781,5772
2,2005,404,'611610252',110,PR,KG,4423,505,3491,0,0,0,0,0,0,0,0,0,1486,122,818,83,38,235,1579,95,1177,0,0,0,0,0,0,0,0,0,0,0,0,0,0,0,1275,250,1261
2,2005,404,'611610252',111,PR,KG,86670,4813,41392,0,0,0,0,0,0,4380,221,2401,0,0,0,0,0,0,0,0,0,0,0,0,13310,762,6654,25391,1388,10840,23050,1185,9846,6583,308,3550,13956,949,8101
2,2005,404,'611610252',117,PR,KG,4884,301,3966,0,0,0,0,0,0,0,0,0,0,0,0,0,0,0,4884,301,3966,0,0,0,0,0,0,0,0,0,0,0,0,0,0,0,0,0,0
2,2005,404,'611610252',118,PR,KG,106581,6540,59546,43844,2237,21711,6459,476,5354,8182,435,5166,10175,750,5428,6059,361,3910,4432,289,2307,11717,846,5654,3669,229,1910,4480,399,3245,1984,127,1362,750,48,874,4830,343,2625
2,2005,404,'611610252',123,PR,KG,4000,720,1485,0,0,0,0,0,0,0,0,0,0,0,0,0,0,0,0,0,0,4000,720,1485,0,0,0,0,0,0,0,0,0,0,0,0,0,0,0
2,2005,404,'611610252',124,PR,KG,1166,510,1108,0,0,0,0,0,0,300,34,262,0,0,0,0,0,0,0,0,0,0,0,0,0,0,0,0,0,0,0,0,0,550,312,624,316,164,222
2,2005,404,'611610252',125,PR,KG,136582,12819,91758,29571,2938,19248,22041,2134,15072,13168,1322,8758,5638,541,3337,14842,1255,7780,10775,985,6253,6516,516,4708,4750,270,3714,6791,704,4605,5173,474,5318,4655,269,3409,12662,1411,9556
2,2005,404,'611610252',243,PR,KG,292,24,542,0,0,0,0,0,0,0,0,0,0,0,0,292,24,542,0,0,0,0,0,0,0,0,0,0,0,0,0,0,0,0,0,0,0,0,0
2,2005,404,'611610252',304,PR,KG,5554,1081,7767,636,152,1051,1596,311,1822,745,75,494,0,0,0,801,99,1867,370,50,340,0,0,0,0,0,0,90,19,267,205,41,254,0,0,0,1111,334,1672
2,2005,404,'611610252',514,PR,KG,4896,892,5948,0,0,0,0,0,0,0,0,0,4896,892,5948,0,0,0,0,0,0,0,0,0,0,0,0,0,0,0,0,0,0,0,0,0,0,0,0
2,2005,404,'611610261',103,PR,KG,2070,56,228,0,0,0,0,0,0,0,0,0,0,0,0,0,0,0,0,0,0,0,0,0,0,0,0,0,0,0,0,0,0,2070,56,228,0,0,0
2,2005,404,'611610261',105,PR,KG,21920,1587,1448,0,0,0,0,0,0,5000,190,310,9720,956,589,7200,441,549,0,0,0,0,0,0,0,0,0,0,0,0,0,0,0,0,0,0,0,0,0
2,2005,404,'611610261',110,PR,KG,1920,77,248,0,0,0,0,0,0,0,0,0,0,0,0,1920,77,248,0,0,0,0,0,0,0,0,0,0,0,0,0,0,0,0,0,0,0,0,0
2,2005,404,'611610261',113,PR,KG,18000,540,2419,0,0,0,0,0,0,0,0,0,0,0,0,0,0,0,0,0,0,0,0,0,0,0,0,0,0,0,18000,540,2419,0,0,0,0,0,0
2,2005,404,'611610261',125,PR,KG,16860,841,2213,0,0,0,0,0,0,0,0,0,0,0,0,0,0,0,5760,196,624,0,0,0,0,0,0,0,0,0,4320,188,526,0,0,0,6780,457,1063
2,2005,404,'611610262',105,PR,KG,12312,1255,6900,700,53,453,0,0,0,0,0,0,1140,105,892,1155,129,993,1800,88,1365,0,0,0,0,0,0,5209,674,1857,2308,206,1340,0,0,0,0,0,0
2,2005,404,'611610262',304,PR,KG,93,18,278,0,0,0,0,0,0,0,0,0,0,0,0,0,0,0,0,0,0,0,0,0,0,0,0,0,0,0,0,0,0,0,0,0,93,18,278
2,2005,404,'611691015',105,PR,KG,50048,3709,25460,0,0,0,0,0,0,0,0,0,0,0,0,0,0,0,0,0,0,363,23,412,207,12,205,0,0,0,22486,1741,9528,25325,1794,14635,1667,139,680
2,2005,404,'611691015',108,PR,KG,74,7,261,0,0,0,0,0,0,0,0,0,0,0,0,0,0,0,0,0,0,0,0,0,0,0,0,74,7,261,0,0,0,0,0,0,0,0,0
2,2005,404,'611691015',110,PR,KG,639,60,656,0,0,0,0,0,0,0,0,0,0,0,0,0,0,0,0,0,0,0,0,0,196,15,218,0,0,0,443,45,438,0,0,0,0,0,0
2,2005,404,'611691015',206,PR,KG,189,25,348,0,0,0,0,0,0,0,0,0,0,0,0,0,0,0,0,0,0,0,0,0,0,0,0,0,0,0,189,25,348,0,0,0,0,0,0
2,2005,404,'611691015',220,PR,KG,413,36,1228,0,0,0,0,0,0,0,0,0,0,0,0,0,0,0,0,0,0,0,0,0,300,22,661,13,2,269,100,12,298,0,0,0,0,0,0
2,2005,404,'611691015',225,PR,KG,330,30,686,0,0,0,0,0,0,0,0,0,0,0,0,0,0,0,0,0,0,0,0,0,330,30,686,0,0,0,0,0,0,0,0,0,0,0,0
2,2005,404,'611691015',304,PR,KG,280,139,585,0,0,0,0,0,0,0,0,0,0,0,0,0,0,0,0,0,0,0,0,0,0,0,0,280,139,585,0,0,0,0,0,0,0,0,0
2,2005,404,'611691015',407,PR,KG,400,36,369,0,0,0,0,0,0,0,0,0,0,0,0,0,0,0,0,0,0,0,0,0,0,0,0,400,36,369,0,0,0,0,0,0,0,0,0
2,2005,404,'611691015',408,PR,KG,290,38,247,0,0,0,0,0,0,0,0,0,0,0,0,0,0,0,0,0,0,0,0,0,0,0,0,290,38,247,0,0,0,0,0,0,0,0,0
2,2005,404,'611691095',105,PR,KG,96084,5651,35652,0,0,0,0,0,0,0,0,0,696,69,209,0,0,0,0,0,0,0,0,0,0,0,0,7480,388,2186,44185,2855,16909,20643,1213,7098,23080,1126,9250
2,2005,404,'611691095',117,PR,KG,99530,3909,42935,0,0,0,0,0,0,0,0,0,0,0,0,0,0,0,0,0,0,0,0,0,0,0,0,0,0,0,24058,1067,10328,35382,1363,15541,40090,1479,17066
2,2005,404,'611691095',220,PR,KG,608,100,1589,0,0,0,0,0,0,0,0,0,0,0,0,0,0,0,0,0,0,538,86,1379,0,0,0,0,0,0,70,14,210,0,0,0,0,0,0
2,2005,404,'611691095',304,PR,KG,828,50,205,0,0,0,0,0,0,0,0,0,0,0,0,0,0,0,0,0,0,0,0,0,0,0,0,0,0,0,828,50,205,0,0,0,0,0,0
2,2005,404,'611692015',105,PR,KG,35107,1576,1862,0,0,0,0,0,0,3427,227,1093,0,0,0,0,0,0,0,0,0,21600,1080,503,0,0,0,0,0,0,10080,269,266,0,0,0,0,0,0
2,2005,404,'611692015',207,PR,KG,320,20,435,0,0,0,0,0,0,0,0,0,0,0,0,320,20,435,0,0,0,0,0,0,0,0,0,0,0,0,0,0,0,0,0,0,0,0,0
2,2005,404,'611692015',304,PR,KG,1870,44,1415,0,0,0,0,0,0,0,0,0,0,0,0,0,0,0,0,0,0,0,0,0,0,0,0,1870,44,1415,0,0,0,0,0,0,0,0,0
2,2005,404,'611692095',105,PR,KG,199876,8684,20361,0,0,0,14780,834,2994,21320,871,2114,58650,2185,5794,42016,1727,4250,3500,196,393,408,60,366,33452,1700,2494,3800,173,627,20900,878,843,1050,60,486,0,0,0
2,2005,404,'611692095',117,PR,KG,24955,1104,7510,0,0,0,12600,533,3743,3510,133,917,1940,57,633,1065,43,308,2570,142,873,0,0,0,3270,196,1036,0,0,0,0,0,0,0,0,0,0,0,0
2,2005,404,'611692095',217,PR,KG,85,8,356,0,0,0,0,0,0,0,0,0,0,0,0,0,0,0,0,0,0,85,8,356,0,0,0,0,0,0,0,0,0,0,0,0,0,0,0
2,2005,404,'611692095',220,PR,KG,88,7,366,0,0,0,0,0,0,0,0,0,0,0,0,0,0,0,0,0,0,88,7,366,0,0,0,0,0,0,0,0,0,0,0,0,0,0,0
2,2005,404,'611693015',103,PR,KG,6580,342,1147,0,0,0,0,0,0,0,0,0,0,0,0,0,0,0,0,0,0,0,0,0,0,0,0,0,0,0,4080,143,519,2500,199,628,0,0,0
2,2005,404,'611693015',105,PR,KG,37074,3178,11040,0,0,0,0,0,0,131,46,364,5150,741,752,0,0,0,7749,258,836,0,0,0,1850,158,893,6524,640,2620,6247,606,2287,6460,479,2203,2963,250,1085
2,2005,404,'611693015',110,PR,KG,348,27,305,0,0,0,0,0,0,0,0,0,0,0,0,0,0,0,0,0,0,0,0,0,348,27,305,0,0,0,0,0,0,0,0,0,0,0,0
2,2005,404,'611693015',210,PR,KG,686,60,1225,0,0,0,0,0,0,0,0,0,0,0,0,0,0,0,0,0,0,686,60,1225,0,0,0,0,0,0,0,0,0,0,0,0,0,0,0
2,2005,404,'611693015',220,PR,KG,920,45,1016,0,0,0,0,0,0,0,0,0,0,0,0,0,0,0,0,0,0,920,45,1016,0,0,0,0,0,0,0,0,0,0,0,0,0,0,0
2,2005,404,'611693015',243,PR,KG,496,20,609,0,0,0,0,0,0,496,20,609,0,0,0,0,0,0,0,0,0,0,0,0,0,0,0,0,0,0,0,0,0,0,0,0,0,0,0
2,2005,404,'611693015',304,PR,KG,840,59,290,0,0,0,0,0,0,0,0,0,0,0,0,0,0,0,840,59,290,0,0,0,0,0,0,0,0,0,0,0,0,0,0,0,0,0,0
2,2005,404,'611693015',407,PR,KG,270,24,265,0,0,0,0,0,0,0,0,0,0,0,0,0,0,0,0,0,0,0,0,0,0,0,0,270,24,265,0,0,0,0,0,0,0,0,0
2,2005,404,'611693095',105,PR,KG,146263,7180,40335,0,0,0,500,22,272,22539,1080,6630,14863,915,4631,5565,286,1408,5127,210,1190,12339,474,821,6990,438,5520,3985,322,1239,21253,1341,8682,22952,911,4952,30150,1181,4990
2,2005,404,'611693095',110,PR,KG,1198,172,831,0,0,0,955,80,284,243,92,547,0,0,0,0,0,0,0,0,0,0,0,0,0,0,0,0,0,0,0,0,0,0,0,0,0,0,0
2,2005,404,'611693095',117,PR,KG,25575,986,7245,0,0,0,7900,233,2116,5285,137,1415,1560,40,506,0,0,0,0,0,0,0,0,0,0,0,0,0,0,0,10830,576,3208,0,0,0,0,0,0
2,2005,404,'611693095',124,PR,KG,3281,240,3110,0,0,0,0,0,0,2080,120,1545,0,0,0,0,0,0,0,0,0,0,0,0,0,0,0,1201,120,1565,0,0,0,0,0,0,0,0,0
2,2005,404,'611693095',125,PR,KG,218,18,454,0,0,0,0,0,0,0,0,0,0,0,0,0,0,0,0,0,0,0,0,0,0,0,0,0,0,0,0,0,0,218,18,454,0,0,0
2,2005,404,'611693095',210,PR,KG,726,61,381,0,0,0,0,0,0,0,0,0,0,0,0,0,0,0,0,0,0,0,0,0,726,61,381,0,0,0,0,0,0,0,0,0,0,0,0
2,2005,404,'611693095',213,PR,KG,86,9,491,0,0,0,0,0,0,0,0,0,0,0,0,0,0,0,41,4,235,0,0,0,0,0,0,0,0,0,45,5,256,0,0,0,0,0,0
2,2005,404,'611693095',218,PR,KG,210,52,387,0,0,0,0,0,0,0,0,0,0,0,0,0,0,0,0,0,0,0,0,0,0,0,0,0,0,0,0,0,0,0,0,0,210,52,387
2,2005,404,'611693095',220,PR,KG,1718,267,3133,0,0,0,0,0,0,0,0,0,0,0,0,1035,65,1521,0,0,0,0,0,0,186,92,724,0,0,0,0,0,0,497,110,888,0,0,0
2,2005,404,'611693095',302,PR,KG,118,51,233,0,0,0,118,51,233,0,0,0,0,0,0,0,0,0,0,0,0,0,0,0,0,0,0,0,0,0,0,0,0,0,0,0,0,0,0
2,2005,404,'611693095',304,PR,KG,1319,186,1474,0,0,0,0,0,0,0,0,0,0,0,0,131,14,329,0,0,0,0,0,0,0,0,0,768,130,386,96,18,265,324,24,494,0,0,0
2,2005,404,'611699015',210,PR,KG,85,8,235,0,0,0,0,0,0,0,0,0,0,0,0,0,0,0,0,0,0,0,0,0,0,0,0,0,0,0,85,8,235,0,0,0,0,0,0
2,2005,404,'611699095',105,PR,KG,19504,662,6251,0,0,0,1380,70,365,0,0,0,11393,321,3672,6431,256,1985,0,0,0,0,0,0,0,0,0,0,0,0,0,0,0,0,0,0,300,15,229
2,2005,404,'611699095',117,PR,KG,2028,90,1114,0,0,0,0,0,0,0,0,0,0,0,0,988,46,487,1040,44,627,0,0,0,0,0,0,0,0,0,0,0,0,0,0,0,0,0,0
2,2005,404,'611710011',105,NO,KG,224,37,892,0,0,0,0,0,0,78,9,210,82,16,230,0,0,0,0,0,0,0,0,0,64,12,452,0,0,0,0,0,0,0,0,0,0,0,0
2,2005,404,'611710011',220,NO,KG,887,83,2233,0,0,0,800,59,883,38,19,886,0,0,0,0,0,0,0,0,0,0,0,0,35,3,251,0,0,0,14,2,213,0,0,0,0,0,0
2,2005,404,'611710012',105,NO,KG,14645,2123,31177,132,19,533,0,0,0,238,51,903,131,17,295,0,0,0,0,0,0,560,73,1282,1548,287,4200,7716,979,16283,1748,285,4033,2331,332,2569,241,80,1079
2,2005,404,'611710012',108,NO,KG,412,62,2388,0,0,0,0,0,0,0,0,0,0,0,0,0,0,0,0,0,0,0,0,0,200,20,530,212,42,1858,0,0,0,0,0,0,0,0,0
2,2005,404,'611710012',110,NO,KG,1498,229,2494,0,0,0,0,0,0,0,0,0,0,0,0,0,0,0,0,0,0,0,0,0,0,0,0,566,90,969,932,139,1525,0,0,0,0,0,0
2,2005,404,'611710012',131,NO,KG,7154,955,2913,0,0,0,0,0,0,0,0,0,0,0,0,0,0,0,0,0,0,0,0,0,400,80,224,770,77,428,5474,700,1414,0,0,0,510,98,847
2,2005,404,'611710012',205,NO,KG,3233,463,16834,14,2,420,31,3,258,0,0,0,0,0,0,0,0,0,266,49,1448,0,0,0,1099,130,7538,786,109,2549,914,136,3596,58,25,260,65,9,765
2,2005,404,'611710012',206,NO,KG,835,172,3415,0,0,0,0,0,0,0,0,0,0,0,0,78,15,361,0,0,0,198,53,517,559,104,2537,0,0,0,0,0,0,0,0,0,0,0,0
2,2005,404,'611710012',208,NO,KG,77,9,679,0,0,0,0,0,0,0,0,0,0,0,0,0,0,0,0,0,0,0,0,0,77,9,679,0,0,0,0,0,0,0,0,0,0,0,0
2,2005,404,'611710012',210,NO,KG,843,150,2744,0,0,0,0,0,0,0,0,0,0,0,0,0,0,0,0,0,0,0,0,0,104,16,779,259,30,1092,480,104,873,0,0,0,0,0,0
2,2005,404,'611710012',213,NO,KG,36316,7542,51652,0,0,0,0,0,0,0,0,0,0,0,0,0,0,0,0,0,0,60,6,401,0,0,0,13383,2818,19259,17144,3548,23456,2935,605,4790,2794,565,3746
2,2005,404,'611710012',215,NO,KG,38,3,404,0,0,0,0,0,0,0,0,0,0,0,0,0,0,0,0,0,0,0,0,0,0,0,0,38,3,404,0,0,0,0,0,0,0,0,0
2,2005,404,'611710012',220,NO,KG,19054,3933,117414,25,12,354,8,0,238,0,0,0,0,0,0,166,57,1294,1347,236,7892,2370,374,12740,3653,843,39998,5180,935,14278,3933,933,28936,2198,525,10658,174,18,1026
2,2005,404,'611710012',302,NO,KG,405,62,1258,0,0,0,0,0,0,0,0,0,0,0,0,0,0,0,0,0,0,0,0,0,98,14,287,307,48,971,0,0,0,0,0,0,0,0,0
2,2005,404,'611710012',304,NO,KG,340,215,900,0,0,0,0,0,0,0,0,0,0,0,0,0,0,0,0,0,0,0,0,0,0,0,0,340,215,900,0,0,0,0,0,0,0,0,0
2,2005,404,'611710012',406,NO,KG,100,37,213,0,0,0,0,0,0,0,0,0,0,0,0,0,0,0,0,0,0,0,0,0,0,0,0,0,0,0,0,0,0,100,37,213,0,0,0
2,2005,404,'611710012',407,NO,KG,4142,203,2798,1313,52,773,0,0,0,0,0,0,0,0,0,0,0,0,0,0,0,0,0,0,75,5,237,673,50,472,419,21,254,527,26,378,1135,49,684
2,2005,404,'611710012',408,NO,KG,345,45,1024,0,0,0,0,0,0,0,0,0,0,0,0,0,0,0,0,0,0,0,0,0,0,0,0,0,0,0,135,28,532,210,17,492,0,0,0
2,2005,404,'611710012',504,NO,KG,39,17,330,0,0,0,0,0,0,0,0,0,0,0,0,0,0,0,0,0,0,0,0,0,39,17,330,0,0,0,0,0,0,0,0,0,0,0,0
2,2005,404,'611710012',546,NO,KG,36,3,201,0,0,0,0,0,0,0,0,0,0,0,0,0,0,0,0,0,0,0,0,0,0,0,0,36,3,201,0,0,0,0,0,0,0,0,0
2,2005,404,'611710012',601,NO,KG,422,108,1019,0,0,0,0,0,0,0,0,0,0,0,0,0,0,0,0,0,0,0,0,0,422,108,1019,0,0,0,0,0,0,0,0,0,0,0,0
2,2005,404,'611710013',103,NO,KG,2812,485,1952,0,0,0,0,0,0,426,50,310,0,0,0,0,0,0,0,0,0,0,0,0,0,0,0,726,56,306,0,0,0,1100,240,949,560,139,387
2,2005,404,'611710013',105,NO,KG,87978,12266,50544,151,35,468,429,38,257,0,0,0,0,0,0,231,17,320,0,0,0,7760,363,1126,16149,2284,8139,19889,2761,13821,25597,3681,14335,7095,1459,4098,10677,1628,7980
2,2005,404,'611710013',110,NO,KG,2477,344,3060,0,0,0,0,0,0,0,0,0,0,0,0,0,0,0,0,0,0,140,19,221,939,131,1145,1251,176,1476,147,18,218,0,0,0,0,0,0
2,2005,404,'611710013',123,NO,KG,780,94,1881,0,0,0,0,0,0,0,0,0,0,0,0,0,0,0,0,0,0,0,0,0,0,0,0,243,43,956,537,51,925,0,0,0,0,0,0
2,2005,404,'611710013',205,NO,KG,200,27,227,0,0,0,0,0,0,0,0,0,0,0,0,0,0,0,200,27,227,0,0,0,0,0,0,0,0,0,0,0,0,0,0,0,0,0,0
2,2005,404,'611710013',210,NO,KG,7899,775,10489,0,0,0,0,0,0,0,0,0,0,0,0,0,0,0,0,0,0,3084,243,4718,3161,306,3559,345,41,285,1309,185,1927,0,0,0,0,0,0
2,2005,404,'611710013',213,NO,KG,800,156,464,0,0,0,0,0,0,0,0,0,0,0,0,0,0,0,0,0,0,0,0,0,0,0,0,0,0,0,800,156,464,0,0,0,0,0,0
2,2005,404,'611710013',218,NO,KG,100,12,269,100,12,269,0,0,0,0,0,0,0,0,0,0,0,0,0,0,0,0,0,0,0,0,0,0,0,0,0,0,0,0,0,0,0,0,0
2,2005,404,'611710013',220,NO,KG,14343,2045,35727,0,0,0,0,0,0,0,0,0,0,0,0,0,0,0,582,87,507,3514,406,5229,2797,486,12563,2293,323,7276,2987,464,7180,2170,279,2972,0,0,0
2,2005,404,'611710013',236,NO,KG,196,8,210,0,0,0,0,0,0,0,0,0,0,0,0,0,0,0,0,0,0,0,0,0,0,0,0,0,0,0,196,8,210,0,0,0,0,0,0
2,2005,404,'611710013',304,NO,KG,190,38,563,0,0,0,0,0,0,0,0,0,0,0,0,0,0,0,0,0,0,50,10,234,0,0,0,140,28,329,0,0,0,0,0,0,0,0,0
2,2005,404,'611710014',105,NO,KG,9282,1462,13692,608,88,1494,455,86,492,3200,457,2577,1900,260,1826,134,25,626,775,90,588,400,100,1271,219,12,244,91,26,778,736,140,1790,764,178,2006,0,0,0
2,2005,404,'611710014',220,NO,KG,1191,89,1626,576,36,459,380,25,325,0,0,0,0,0,0,0,0,0,0,0,0,235,28,842,0,0,0,0,0,0,0,0,0,0,0,0,0,0,0
2,2005,404,'611710019',103,NO,KG,380,31,237,0,0,0,0,0,0,0,0,0,0,0,0,0,0,0,0,0,0,0,0,0,0,0,0,0,0,0,0,0,0,0,0,0,380,31,237
2,2005,404,'611710019',105,NO,KG,4716,849,5919,82,6,240,783,108,1162,249,25,339,190,40,582,306,53,690,201,27,251,0,0,0,1066,145,1205,800,160,521,0,0,0,339,108,296,700,177,633
2,2005,404,'611710019',118,NO,KG,512,25,223,0,0,0,0,0,0,0,0,0,0,0,0,0,0,0,0,0,0,0,0,0,0,0,0,0,0,0,0,0,0,512,25,223,0,0,0
2,2005,404,'611710019',205,NO,KG,187,16,245,0,0,0,0,0,0,187,16,245,0,0,0,0,0,0,0,0,0,0,0,0,0,0,0,0,0,0,0,0,0,0,0,0,0,0,0
2,2005,404,'611710019',206,NO,KG,343,46,1631,0,0,0,133,16,641,0,0,0,0,0,0,0,0,0,0,0,0,0,0,0,0,0,0,0,0,0,0,0,0,0,0,0,210,30,990
2,2005,404,'611710019',220,NO,KG,431,60,3111,0,0,0,0,0,0,0,0,0,0,0,0,0,0,0,0,0,0,0,0,0,109,12,608,142,27,536,180,21,1967,0,0,0,0,0,0
2,2005,404,'611710091',105,NO,KG,829,164,2324,0,0,0,0,0,0,0,0,0,0,0,0,0,0,0,0,0,0,0,0,0,79,10,319,750,154,2005,0,0,0,0,0,0,0,0,0
2,2005,404,'611710091',210,NO,KG,14,2,312,0,0,0,0,0,0,0,0,0,0,0,0,0,0,0,0,0,0,14,2,312,0,0,0,0,0,0,0,0,0,0,0,0,0,0,0
2,2005,404,'611710091',220,NO,KG,202,7,672,202,7,672,0,0,0,0,0,0,0,0,0,0,0,0,0,0,0,0,0,0,0,0,0,0,0,0,0,0,0,0,0,0,0,0,0
2,2005,404,'611710092',105,NO,KG,17728,2692,26371,0,0,0,0,0,0,1027,102,644,435,48,476,0,0,0,0,0,0,60,30,1139,2659,319,3393,3861,598,6816,4997,844,8072,3499,517,4933,1190,234,898
2,2005,404,'611710092',110,NO,KG,167,20,232,0,0,0,0,0,0,0,0,0,0,0,0,0,0,0,0,0,0,0,0,0,167,20,232,0,0,0,0,0,0,0,0,0,0,0,0
2,2005,404,'611710092',131,NO,KG,945,127,1117,0,0,0,0,0,0,0,0,0,0,0,0,0,0,0,0,0,0,0,0,0,0,0,0,0,0,0,458,70,253,487,57,864,0,0,0
2,2005,404,'611710092',205,NO,KG,954,117,6063,0,0,0,0,0,0,0,0,0,0,0,0,0,0,0,0,0,0,70,8,901,685,78,2337,90,15,1135,6,1,235,103,15,1455,0,0,0
2,2005,404,'611710092',210,NO,KG,343,75,853,0,0,0,0,0,0,0,0,0,0,0,0,0,0,0,0,0,0,0,0,0,58,7,223,0,0,0,0,0,0,285,68,630,0,0,0
2,2005,404,'611710092',213,NO,KG,3716,709,4137,0,0,0,0,0,0,0,0,0,0,0,0,0,0,0,300,53,500,0,0,0,1106,232,1150,544,108,716,476,58,491,0,0,0,1290,258,1280
2,2005,404,'611710092',220,NO,KG,8221,1618,50688,0,0,0,27,1,638,0,0,0,0,0,0,0,0,0,930,193,4355,2058,399,14350,1861,411,13882,836,192,5644,2302,393,9514,159,23,1130,48,6,1175
2,2005,404,'611710092',304,NO,KG,168,38,341,0,0,0,0,0,0,0,0,0,0,0,0,0,0,0,0,0,0,0,0,0,0,0,0,0,0,0,168,38,341,0,0,0,0,0,0
2,2005,404,'611710092',406,NO,KG,131,43,477,0,0,0,0,0,0,0,0,0,0,0,0,0,0,0,0,0,0,0,0,0,0,0,0,0,0,0,131,43,477,0,0,0,0,0,0
2,2005,404,'611710092',407,NO,KG,180,25,419,0,0,0,0,0,0,0,0,0,0,0,0,0,0,0,0,0,0,0,0,0,0,0,0,180,25,419,0,0,0,0,0,0,0,0,0
2,2005,404,'611710092',408,NO,KG,375,80,770,0,0,0,0,0,0,0,0,0,0,0,0,0,0,0,0,0,0,0,0,0,0,0,0,0,0,0,375,80,770,0,0,0,0,0,0
2,2005,404,'611710093',103,NO,KG,3228,603,2242,0,0,0,0,0,0,0,0,0,0,0,0,0,0,0,0,0,0,0,0,0,0,0,0,0,0,0,0,0,0,1668,291,1024,1560,312,1218
2,2005,404,'611710093',105,NO,KG,56693,10582,31099,0,0,0,0,0,0,0,0,0,0,0,0,0,0,0,489,48,204,0,0,0,737,122,739,12161,1647,5838,9269,2693,7547,10850,1784,7193,23187,4288,9578
2,2005,404,'611710093',108,NO,KG,124,7,202,0,0,0,0,0,0,124,7,202,0,0,0,0,0,0,0,0,0,0,0,0,0,0,0,0,0,0,0,0,0,0,0,0,0,0,0
2,2005,404,'611710093',131,NO,KG,2364,510,630,0,0,0,0,0,0,0,0,0,0,0,0,0,0,0,0,0,0,0,0,0,2364,510,630,0,0,0,0,0,0,0,0,0,0,0,0
2,2005,404,'611710093',205,NO,KG,436,46,481,0,0,0,0,0,0,0,0,0,0,0,0,0,0,0,0,0,0,168,20,246,268,26,235,0,0,0,0,0,0,0,0,0,0,0,0
2,2005,404,'611710093',210,NO,KG,355,38,349,0,0,0,0,0,0,0,0,0,0,0,0,0,0,0,0,0,0,0,0,0,0,0,0,0,0,0,0,0,0,355,38,349,0,0,0
2,2005,404,'611710093',220,NO,KG,4522,949,20391,0,0,0,0,0,0,0,0,0,316,30,504,0,0,0,174,45,323,919,143,2720,372,70,2046,1432,363,6875,1309,298,7923,0,0,0,0,0,0
2,2005,404,'611710093',304,NO,KG,2315,208,1615,0,0,0,0,0,0,235,47,251,0,0,0,1000,25,459,0,0,0,0,0,0,0,0,0,276,66,270,304,35,352,0,0,0,500,35,283
2,2005,404,'611710094',105,NO,KG,1690,182,2781,0,0,0,0,0,0,334,64,209,0,0,0,0,0,0,0,0,0,0,0,0,1056,73,759,0,0,0,300,45,1813,0,0,0,0,0,0
2,2005,404,'611710094',220,NO,KG,18,3,210,0,0,0,0,0,0,0,0,0,0,0,0,0,0,0,0,0,0,0,0,0,18,3,210,0,0,0,0,0,0,0,0,0,0,0,0
2,2005,404,'611710099',105,NO,KG,1480,180,1356,0,0,0,0,0,0,0,0,0,447,50,598,0,0,0,0,0,0,0,0,0,0,0,0,480,75,283,0,0,0,553,55,475,0,0,0
2,2005,404,'611710099',205,NO,KG,325,36,572,0,0,0,0,0,0,0,0,0,0,0,0,0,0,0,0,0,0,0,0,0,325,36,572,0,0,0,0,0,0,0,0,0,0,0,0
2,2005,404,'611710099',206,NO,KG,167,22,785,167,22,785,0,0,0,0,0,0,0,0,0,0,0,0,0,0,0,0,0,0,0,0,0,0,0,0,0,0,0,0,0,0,0,0,0
2,2005,404,'611710099',220,NO,KG,288,54,1735,114,28,931,0,0,0,0,0,0,0,0,0,0,0,0,139,21,467,0,0,0,0,0,0,0,0,0,0,0,0,0,0,0,35,5,337
2,2005,404,'611720011',105,NO,KG,1664,115,764,0,0,0,0,0,0,1664,115,764,0,0,0,0,0,0,0,0,0,0,0,0,0,0,0,0,0,0,0,0,0,0,0,0,0,0,0
2,2005,404,'611720011',213,NO,KG,827,41,2108,767,38,1477,0,0,0,0,0,0,0,0,0,0,0,0,60,3,631,0,0,0,0,0,0,0,0,0,0,0,0,0,0,0,0,0,0
2,2005,404,'611720011',220,NO,KG,10472,618,13214,0,0,0,4796,272,5828,0,0,0,0,0,0,1946,116,2314,0,0,0,604,41,936,2628,160,3450,498,29,686,0,0,0,0,0,0,0,0,0
2,2005,404,'611720012',105,NO,KG,1050,63,358,0,0,0,0,0,0,0,0,0,0,0,0,0,0,0,0,0,0,0,0,0,0,0,0,0,0,0,1050,63,358,0,0,0,0,0,0
2,2005,404,'611720012',220,NO,KG,1967,107,2478,0,0,0,0,0,0,0,0,0,0,0,0,1201,67,1236,0,0,0,0,0,0,708,36,972,58,4,270,0,0,0,0,0,0,0,0,0
2,2005,404,'611720019',208,NO,KG,149,17,735,0,0,0,149,17,735,0,0,0,0,0,0,0,0,0,0,0,0,0,0,0,0,0,0,0,0,0,0,0,0,0,0,0,0,0,0
2,2005,404,'611720019',220,NO,KG,610,31,729,0,0,0,270,18,241,0,0,0,0,0,0,0,0,0,0,0,0,0,0,0,0,0,0,0,0,0,0,0,0,0,0,0,340,13,488
2,2005,404,'611720091',220,NO,KG,3132,182,6086,0,0,0,0,0,0,20,1,233,0,0,0,0,0,0,0,0,0,20,1,226,42,2,489,70,4,247,0,0,0,2150,137,3025,830,37,1866
2,2005,404,'611720099',220,NO,KG,328,15,756,0,0,0,0,0,0,0,0,0,0,0,0,0,0,0,0,0,0,0,0,0,0,0,0,0,0,0,328,15,756,0,0,0,0,0,0
2,2005,404,'611780012',105,NO,KG,12300,180,332,0,0,0,0,0,0,0,0,0,0,0,0,0,0,0,0,0,0,0,0,0,0,0,0,0,0,0,0,0,0,0,0,0,12300,180,332
2,2005,404,'611780012',304,NO,KG,60,1,215,0,0,0,0,0,0,0,0,0,60,1,215,0,0,0,0,0,0,0,0,0,0,0,0,0,0,0,0,0,0,0,0,0,0,0,0
2,2005,404,'611780013',205,NO,KG,118,11,236,0,0,0,0,0,0,0,0,0,0,0,0,0,0,0,0,0,0,0,0,0,0,0,0,0,0,0,0,0,0,118,11,236,0,0,0
2,2005,404,'611780021',103,NO,KG,13125,509,5143,430,12,265,0,0,0,1100,21,650,5070,175,1334,0,0,0,500,15,300,600,60,390,400,8,220,2945,142,679,650,34,460,800,30,530,630,12,315
2,2005,404,'611780021',105,NO,KG,69516,3860,19913,1726,470,1266,16319,306,1840,5100,417,1622,600,68,243,0,0,0,10026,400,3717,5629,268,1609,10386,794,3981,3347,142,1446,11310,710,2681,623,62,232,4450,223,1276
2,2005,404,'611780021',106,NO,KG,438,65,374,0,0,0,0,0,0,0,0,0,0,0,0,0,0,0,0,0,0,0,0,0,0,0,0,0,0,0,0,0,0,0,0,0,438,65,374
2,2005,404,'611780021',111,NO,KG,13345,245,849,0,0,0,0,0,0,0,0,0,0,0,0,13345,245,849,0,0,0,0,0,0,0,0,0,0,0,0,0,0,0,0,0,0,0,0,0
2,2005,404,'611780021',205,NO,KG,173,9,222,0,0,0,0,0,0,0,0,0,0,0,0,0,0,0,0,0,0,0,0,0,0,0,0,0,0,0,173,9,222,0,0,0,0,0,0
2,2005,404,'611780021',206,NO,KG,120,21,210,0,0,0,0,0,0,0,0,0,0,0,0,0,0,0,0,0,0,120,21,210,0,0,0,0,0,0,0,0,0,0,0,0,0,0,0
2,2005,404,'611780021',208,NO,KG,84,4,237,0,0,0,0,0,0,0,0,0,0,0,0,0,0,0,0,0,0,84,4,237,0,0,0,0,0,0,0,0,0,0,0,0,0,0,0
2,2005,404,'611780021',213,NO,KG,48,3,213,0,0,0,48,3,213,0,0,0,0,0,0,0,0,0,0,0,0,0,0,0,0,0,0,0,0,0,0,0,0,0,0,0,0,0,0
2,2005,404,'611780021',220,NO,KG,692,71,1131,0,0,0,0,0,0,0,0,0,0,0,0,405,40,225,0,0,0,14,3,427,0,0,0,169,18,244,0,0,0,0,0,0,104,10,235
2,2005,404,'611780021',546,NO,KG,124,8,235,0,0,0,0,0,0,0,0,0,0,0,0,0,0,0,0,0,0,124,8,235,0,0,0,0,0,0,0,0,0,0,0,0,0,0,0
2,2005,404,'611780029',103,NO,KG,1030,66,746,0,0,0,0,0,0,1030,66,746,0,0,0,0,0,0,0,0,0,0,0,0,0,0,0,0,0,0,0,0,0,0,0,0,0,0,0
2,2005,404,'611780029',105,NO,KG,94350,5149,19911,0,0,0,0,0,0,2010,98,547,0,0,0,0,0,0,11830,489,1193,10560,1267,2074,1822,109,1068,7500,441,1792,4618,223,1905,24130,996,8403,31880,1526,2929
2,2005,404,'611780029',106,NO,KG,1000,72,1164,0,0,0,0,0,0,0,0,0,0,0,0,0,0,0,0,0,0,0,0,0,0,0,0,0,0,0,0,0,0,0,0,0,1000,72,1164
2,2005,404,'611780029',205,NO,KG,72,9,506,0,0,0,0,0,0,72,9,506,0,0,0,0,0,0,0,0,0,0,0,0,0,0,0,0,0,0,0,0,0,0,0,0,0,0,0
2,2005,404,'611780029',213,NO,KG,5809,458,5737,0,0,0,1742,97,806,0,0,0,170,11,202,0,0,0,0,0,0,0,0,0,192,21,268,1447,146,1895,1541,87,1441,343,39,561,374,57,564
2,2005,404,'611780029',220,NO,KG,12323,598,6395,0,0,0,0,0,0,2050,63,1019,0,0,0,0,0,0,2829,81,849,0,0,0,0,0,0,2000,58,298,5444,396,4229,0,0,0,0,0,0
2,2005,404,'611790010',105,,KG,0,163,1873,0,0,0,0,0,0,0,0,0,0,12,206,0,0,0,0,0,0,0,0,0,0,0,0,0,0,0,0,0,0,0,109,1111,0,42,556
2,2005,404,'611790010',108,,KG,0,4,231,0,0,0,0,0,0,0,0,0,0,0,0,0,0,0,0,0,0,0,0,0,0,0,0,0,4,231,0,0,0,0,0,0,0,0,0
2,2005,404,'611790010',110,,KG,0,54,2564,0,0,0,0,0,0,0,0,0,0,0,0,0,0,0,0,0,0,0,30,711,0,0,0,0,0,0,0,0,0,0,24,1853,0,0,0
2,2005,404,'611790010',111,,KG,0,489,995,0,0,0,0,102,202,0,0,0,0,219,444,0,168,349,0,0,0,0,0,0,0,0,0,0,0,0,0,0,0,0,0,0,0,0,0
2,2005,404,'611790010',213,,KG,0,4,295,0,0,0,0,4,295,0,0,0,0,0,0,0,0,0,0,0,0,0,0,0,0,0,0,0,0,0,0,0,0,0,0,0,0,0,0
2,2005,404,'611790090',105,,KG,0,898,6442,0,0,0,0,0,0,0,0,0,0,0,0,0,192,1466,0,93,674,0,0,0,0,13,299,0,132,267,0,189,1246,0,0,0,0,279,2490
